序号,城市,时间,AQI指数,空气质量级别,首要污染物
1,北京市,2014-08-24 00:00,54,良,PM10
2,天津市,2014-08-24 00:00,54,良,PM10
3,石家庄市,2014-08-24 00:00,58,良,PM10
4,唐山市,2014-08-24 00:00,93,良,PM2.5
5,秦皇岛市,2014-08-24 00:00,83,良,PM10,PM2.5
6,邯郸市,2014-08-24 00:00,127,轻度污染,PM2.5
7,邢台市,2014-08-24 00:00,35,优,None
8,保定市,2014-08-24 00:00,234,重度污染,PM2.5
9,承德市,2014-08-24 00:00,49,优,None
10,沧州市,2014-08-24 00:00,53,良,PM10
11,廊坊市,2014-08-24 00:00,140,轻度污染,PM2.5
12,衡水市,2014-08-24 00:00,205,重度污染,PM2.5
13,张家口市,2014-08-24 00:00,32,优,None
14,太原市,2014-08-24 00:00,36,优,None
15,大同市,2014-08-24 00:00,39,优,None
16,阳泉市,2014-08-24 00:00,46,优,None
17,长治市,2014-08-24 00:00,59,良,PM10
18,临汾市,2014-08-24 00:00,23,优,None
19,呼和浩特市,2014-08-24 00:00,51,良,PM10
20,包头市,2014-08-24 00:00,76,良,PM10
21,赤峰市,2014-08-24 00:00,53,良,PM10
22,鄂尔多斯市,2014-08-24 00:00,20,优,None
23,沈阳市,2014-08-24 00:00,60,良,PM2.5
24,大连市,2014-08-24 00:00,60,良,PM10
25,鞍山市,2014-08-24 00:00,65,良,PM2.5
26,抚顺市,2014-08-24 00:00,48,优,None
27,本溪市,2014-08-24 00:00,57,良,PM10
28,丹东市,2014-08-24 00:00,32,优,None
29,锦州市,2014-08-24 00:00,99,良,PM2.5
30,营口市,2014-08-24 00:00,43,优,None
31,盘锦市,2014-08-24 00:00,89,良,PM2.5
32,葫芦岛市,2014-08-24 00:00,92,良,PM10
33,长春市,2014-08-24 00:00,60,良,PM10
34,吉林市,2014-08-24 00:00,61,良,PM10
35,哈尔滨市,2014-08-24 00:00,65,良,PM10
36,齐齐哈尔市,2014-08-24 00:00,25,优,None
37,大庆市,2014-08-24 00:00,32,优,None
38,牡丹江市,2014-08-24 00:00,59,良,PM2.5
39,上海市,2014-08-24 00:00,87,良,PM2.5
40,南京市,2014-08-24 00:00,64,良,PM2.5
41,无锡市,2014-08-24 00:00,46,优,None
42,徐州市,2014-08-24 00:00,50,优,None
43,常州市,2014-08-24 00:00,55,良,PM2.5
44,苏州市,2014-08-24 00:00,102,轻度污染,PM2.5
45,南通市,2014-08-24 00:00,35,优,None
46,连云港市,2014-08-24 00:00,57,良,PM2.5
47,淮安市,2014-08-24 00:00,75,良,PM2.5
48,盐城市,2014-08-24 00:00,59,良,PM2.5
49,扬州市,2014-08-24 00:00,64,良,PM2.5
50,镇江市,2014-08-24 00:00,70,良,PM2.5
51,泰州市,2014-08-24 00:00,42,优,None
52,宿迁市,2014-08-24 00:00,92,良,PM2.5
53,杭州市,2014-08-24 00:00,85,良,PM10
54,宁波市,2014-08-24 00:00,48,优,None
55,温州市,2014-08-24 00:00,64,良,PM2.5
56,嘉兴市,2014-08-24 00:00,75,良,PM2.5
57,湖州市,2014-08-24 00:00,52,良,PM10
58,金华市,2014-08-24 00:00,29,优,None
59,衢州市,2014-08-24 00:00,52,良,PM2.5
60,舟山市,2014-08-24 00:00,21,优,None
61,台州市,2014-08-24 00:00,51,良,PM10
62,丽水市,2014-08-24 00:00,49,优,None
63,绍兴市,2014-08-24 00:00,69,良,PM2.5
64,合肥市,2014-08-24 00:00,95,良,PM2.5
65,芜湖市,2014-08-24 00:00,53,良,PM2.5
66,马鞍山市,2014-08-24 00:00,75,良,PM2.5
67,福州市,2014-08-24 00:00,57,良,PM10
68,厦门市,2014-08-24 00:00,28,优,None
69,泉州市,2014-08-24 00:00,34,优,None
70,南昌市,2014-08-24 00:00,79,良,PM10
71,九江市,2014-08-24 00:00,88,良,PM10
72,济南市,2014-08-24 00:00,109,轻度污染,PM2.5
73,青岛市,2014-08-24 00:00,41,优,None
74,淄博市,2014-08-24 00:00,107,轻度污染,PM2.5
75,枣庄市,2014-08-24 00:00,58,良,PM10
76,东营市,2014-08-24 00:00,133,轻度污染,PM2.5
77,烟台市,2014-08-24 00:00,53,良,PM2.5
78,潍坊市,2014-08-24 00:00,114,轻度污染,PM2.5
79,济宁市,2014-08-24 00:00,68,良,PM2.5
80,泰安市,2014-08-24 00:00,112,轻度污染,PM2.5
81,威海市,2014-08-24 00:00,45,优,None
82,日照市,2014-08-24 00:00,55,良,PM10
83,莱芜市,2014-08-24 00:00,122,轻度污染,PM2.5
84,临沂市,2014-08-24 00:00,85,良,PM10
85,德州市,2014-08-24 00:00,152,中度污染,PM2.5
86,聊城市,2014-08-24 00:00,119,轻度污染,PM2.5
87,滨州市,2014-08-24 00:00,183,中度污染,PM2.5
88,菏泽市,2014-08-24 00:00,99,良,PM2.5
89,郑州市,2014-08-24 00:00,79,良,PM10
90,开封市,2014-08-24 00:00,68,良,PM2.5
91,洛阳市,2014-08-24 00:00,57,良,PM10
92,平顶山市,2014-08-24 00:00,55,良,PM10
93,安阳市,2014-08-24 00:00,83,良,PM10
94,焦作市,2014-08-24 00:00,66,良,PM10
95,三门峡市,2014-08-24 00:00,56,良,PM10
96,武汉市,2014-08-24 00:00,90,良,PM2.5
97,宜昌市,2014-08-24 00:00,28,优,None
98,荆州市,2014-08-24 00:00,37,优,None
99,长沙市,2014-08-24 00:00,66,良,PM10
100,株洲市,2014-08-24 00:00,48,优,None
101,湘潭市,2014-08-24 00:00,55,良,PM10
102,岳阳市,2014-08-24 00:00,63,良,PM10
103,常德市,2014-08-24 00:00,22,优,None
104,张家界市,2014-08-24 00:00,25,优,None
105,广州市,2014-08-24 00:00,42,优,None
106,韶关市,2014-08-24 00:00,58,良,PM10
107,深圳市,2014-08-24 00:00,23,优,None
108,珠海市,2014-08-24 00:00,16,优,None
109,汕头市,2014-08-24 00:00,22,优,None
110,佛山市,2014-08-24 00:00,30,优,None
111,江门市,2014-08-24 00:00,21,优,None
112,湛江市,2014-08-24 00:00,15,优,None
113,茂名市,2014-08-24 00:00,33,优,None
114,肇庆市,2014-08-24 00:00,45,优,None
115,惠州市,2014-08-24 00:00,26,优,None
116,梅州市,2014-08-24 00:00,46,优,None
117,汕尾市,2014-08-24 00:00,10,优,None
118,河源市,2014-08-24 00:00,19,优,None
119,阳江市,2014-08-24 00:00,14,优,None
120,清远市,2014-08-24 00:00,48,优,None
121,东莞市,2014-08-24 00:00,19,优,None
122,中山市,2014-08-24 00:00,11,优,None
123,潮州市,2014-08-24 00:00,67,良,PM2.5
124,揭阳市,2014-08-24 00:00,44,优,None
125,云浮市,2014-08-24 00:00,16,优,None
126,南宁市,2014-08-24 00:00,47,优,None
127,柳州市,2014-08-24 00:00,45,优,None
128,桂林市,2014-08-24 00:00,72,良,PM10
129,北海市,2014-08-24 00:00,23,优,None
130,海口市,2014-08-24 00:00,29,优,None
131,三亚市,2014-08-24 00:00,20,优,None
132,重庆市,2014-08-24 00:00,63,良,PM2.5
133,成都市,2014-08-24 00:00,64,良,PM10
134,自贡市,2014-08-24 00:00,72,良,PM2.5
135,攀枝花市,2014-08-24 00:00,41,优,None
136,泸州市,2014-08-24 00:00,60,良,PM2.5
137,德阳市,2014-08-24 00:00,38,优,None
138,绵阳市,2014-08-24 00:00,54,良,PM10
139,南充市,2014-08-24 00:00,59,良,PM2.5
140,宜宾市,2014-08-24 00:00,64,良,PM2.5
141,贵阳市,2014-08-24 00:00,52,良,PM2.5
142,遵义市,2014-08-24 00:00,51,良,PM10
143,昆明市,2014-08-24 00:00,42,优,None
144,曲靖市,2014-08-24 00:00,44,优,None
145,玉溪市,2014-08-24 00:00,35,优,None
146,拉萨市,2014-08-24 00:00,31,优,None
147,西安市,2014-08-24 00:00,65,良,PM10
148,铜川市,2014-08-24 00:00,20,优,None
149,宝鸡市,2014-08-24 00:00,53,良,PM10
150,咸阳市,2014-08-24 00:00,47,优,None
151,渭南市,2014-08-24 00:00,60,良,PM10
152,延安市,2014-08-24 00:00,71,良,PM10
153,兰州市,2014-08-24 00:00,72,良,PM10
154,嘉峪关市,2014-08-24 00:00,79,良,PM10
155,金昌市,2014-08-24 00:00,61,良,PM10
156,西宁市,2014-08-24 00:00,45,优,None
157,银川市,2014-08-24 00:00,74,良,PM10
158,石嘴山市,2014-08-24 00:00,55,良,PM10
159,乌鲁木齐市,2014-08-24 00:00,117,轻度污染,PM10
160,克拉玛依市,2014-08-24 00:00,66,良,PM10
161,库尔勒市,2014-08-24 00:00,182,中度污染,PM10
162,北京市,2014-08-23 23:00,114,轻度污染,PM2.5
163,天津市,2014-08-23 23:00,53,良,PM10
164,石家庄市,2014-08-23 23:00,158,中度污染,PM2.5
165,唐山市,2014-08-23 23:00,89,良,PM2.5
166,秦皇岛市,2014-08-23 23:00,90,良,PM2.5
167,邯郸市,2014-08-23 23:00,162,中度污染,PM2.5
168,邢台市,2014-08-23 23:00,147,轻度污染,PM2.5
169,保定市,2014-08-23 23:00,209,重度污染,PM2.5
170,承德市,2014-08-23 23:00,51,良,PM10
171,沧州市,2014-08-23 23:00,83,良,PM10
172,廊坊市,2014-08-23 23:00,155,中度污染,PM2.5
173,衡水市,2014-08-23 23:00,202,重度污染,PM2.5
174,张家口市,2014-08-23 23:00,19,优,None
175,太原市,2014-08-23 23:00,35,优,None
176,大同市,2014-08-23 23:00,46,优,None
177,阳泉市,2014-08-23 23:00,52,良,PM2.5
178,长治市,2014-08-23 23:00,74,良,PM2.5
179,临汾市,2014-08-23 23:00,32,优,None
180,呼和浩特市,2014-08-23 23:00,48,优,None
181,包头市,2014-08-23 23:00,70,良,PM10
182,赤峰市,2014-08-23 23:00,57,良,PM10
183,鄂尔多斯市,2014-08-23 23:00,19,优,None
184,沈阳市,2014-08-23 23:00,57,良,PM2.5
185,大连市,2014-08-23 23:00,58,良,PM2.5
186,鞍山市,2014-08-23 23:00,65,良,PM2.5
187,抚顺市,2014-08-23 23:00,36,优,None
188,本溪市,2014-08-23 23:00,58,良,PM10
189,丹东市,2014-08-23 23:00,46,优,None
190,锦州市,2014-08-23 23:00,88,良,PM2.5
191,营口市,2014-08-23 23:00,42,优,None
192,盘锦市,2014-08-23 23:00,83,良,PM2.5
193,葫芦岛市,2014-08-23 23:00,91,良,PM10
194,长春市,2014-08-23 23:00,51,良,PM10
195,吉林市,2014-08-23 23:00,63,良,PM10
196,哈尔滨市,2014-08-23 23:00,71,良,PM10
197,齐齐哈尔市,2014-08-23 23:00,35,优,None
198,大庆市,2014-08-23 23:00,26,优,None
199,牡丹江市,2014-08-23 23:00,68,良,PM10
200,上海市,2014-08-23 23:00,85,良,PM2.5
201,南京市,2014-08-23 23:00,63,良,PM2.5
202,无锡市,2014-08-23 23:00,57,良,PM10
203,徐州市,2014-08-23 23:00,49,优,None
204,常州市,2014-08-23 23:00,40,优,None
205,苏州市,2014-08-23 23:00,103,轻度污染,PM2.5
206,南通市,2014-08-23 23:00,42,优,None
207,连云港市,2014-08-23 23:00,67,良,PM2.5
208,淮安市,2014-08-23 23:00,84,良,PM2.5
209,盐城市,2014-08-23 23:00,59,良,PM2.5
210,扬州市,2014-08-23 23:00,73,良,PM2.5
211,镇江市,2014-08-23 23:00,75,良,PM2.5
212,泰州市,2014-08-23 23:00,48,优,None
213,宿迁市,2014-08-23 23:00,97,良,PM2.5
214,杭州市,2014-08-23 23:00,114,轻度污染,PM2.5
215,宁波市,2014-08-23 23:00,43,优,None
216,温州市,2014-08-23 23:00,57,良,PM10,PM2.5
217,嘉兴市,2014-08-23 23:00,77,良,PM2.5
218,湖州市,2014-08-23 23:00,55,良,PM10
219,金华市,2014-08-23 23:00,29,优,None
220,衢州市,2014-08-23 23:00,45,优,None
221,舟山市,2014-08-23 23:00,19,优,None
222,台州市,2014-08-23 23:00,52,良,PM10
223,丽水市,2014-08-23 23:00,49,优,None
224,绍兴市,2014-08-23 23:00,64,良,PM2.5
225,合肥市,2014-08-23 23:00,102,轻度污染,PM2.5
226,芜湖市,2014-08-23 23:00,64,良,PM2.5
227,马鞍山市,2014-08-23 23:00,82,良,PM2.5
228,福州市,2014-08-23 23:00,56,良,PM10
229,厦门市,2014-08-23 23:00,36,优,None
230,泉州市,2014-08-23 23:00,27,优,None
231,南昌市,2014-08-23 23:00,86,良,PM10
232,九江市,2014-08-23 23:00,81,良,PM10
233,济南市,2014-08-23 23:00,102,轻度污染,PM2.5
234,青岛市,2014-08-23 23:00,46,优,None
235,淄博市,2014-08-23 23:00,98,良,PM2.5
236,枣庄市,2014-08-23 23:00,54,良,PM10
237,东营市,2014-08-23 23:00,143,轻度污染,PM2.5
238,烟台市,2014-08-23 23:00,50,优,None
239,潍坊市,2014-08-23 23:00,112,轻度污染,PM2.5
240,济宁市,2014-08-23 23:00,70,良,PM2.5
241,泰安市,2014-08-23 23:00,115,轻度污染,PM10
242,威海市,2014-08-23 23:00,45,优,None
243,日照市,2014-08-23 23:00,58,良,PM10
244,莱芜市,2014-08-23 23:00,119,轻度污染,PM10
245,临沂市,2014-08-23 23:00,148,轻度污染,PM10
246,德州市,2014-08-23 23:00,145,轻度污染,PM2.5
247,聊城市,2014-08-23 23:00,138,轻度污染,PM2.5
248,滨州市,2014-08-23 23:00,172,中度污染,PM2.5
249,菏泽市,2014-08-23 23:00,94,良,PM2.5
250,郑州市,2014-08-23 23:00,75,良,PM10
251,开封市,2014-08-23 23:00,62,良,PM2.5
252,洛阳市,2014-08-23 23:00,59,良,PM10
253,平顶山市,2014-08-23 23:00,56,良,PM10
254,安阳市,2014-08-23 23:00,79,良,PM10
255,焦作市,2014-08-23 23:00,69,良,PM10
256,三门峡市,2014-08-23 23:00,56,良,PM10
257,武汉市,2014-08-23 23:00,93,良,PM2.5
258,宜昌市,2014-08-23 23:00,24,优,None
259,荆州市,2014-08-23 23:00,38,优,None
260,长沙市,2014-08-23 23:00,69,良,PM10
261,株洲市,2014-08-23 23:00,48,优,None
262,湘潭市,2014-08-23 23:00,57,良,PM10
263,岳阳市,2014-08-23 23:00,71,良,PM10
264,常德市,2014-08-23 23:00,19,优,None
265,张家界市,2014-08-23 23:00,36,优,None
266,广州市,2014-08-23 23:00,46,优,None
267,韶关市,2014-08-23 23:00,59,良,PM10
268,深圳市,2014-08-23 23:00,25,优,None
269,珠海市,2014-08-23 23:00,16,优,None
270,汕头市,2014-08-23 23:00,26,优,None
271,佛山市,2014-08-23 23:00,36,优,None
272,江门市,2014-08-23 23:00,21,优,None
273,湛江市,2014-08-23 23:00,18,优,None
274,茂名市,2014-08-23 23:00,28,优,None
275,肇庆市,2014-08-23 23:00,39,优,None
276,惠州市,2014-08-23 23:00,28,优,None
277,梅州市,2014-08-23 23:00,39,优,None
278,汕尾市,2014-08-23 23:00,10,优,None
279,河源市,2014-08-23 23:00,24,优,None
280,阳江市,2014-08-23 23:00,13,优,None
281,清远市,2014-08-23 23:00,52,良,PM2.5
282,东莞市,2014-08-23 23:00,20,优,None
283,中山市,2014-08-23 23:00,10,优,None
284,潮州市,2014-08-23 23:00,77,良,PM2.5
285,揭阳市,2014-08-23 23:00,48,优,None
286,云浮市,2014-08-23 23:00,14,优,None
287,南宁市,2014-08-23 23:00,47,优,None
288,柳州市,2014-08-23 23:00,52,良,PM10
289,桂林市,2014-08-23 23:00,62,良,PM10
290,北海市,2014-08-23 23:00,20,优,None
291,海口市,2014-08-23 23:00,28,优,None
292,三亚市,2014-08-23 23:00,24,优,None
293,重庆市,2014-08-23 23:00,64,良,PM2.5
294,成都市,2014-08-23 23:00,60,良,PM10
295,自贡市,2014-08-23 23:00,64,良,PM10
296,攀枝花市,2014-08-23 23:00,60,良,PM10
297,泸州市,2014-08-23 23:00,59,良,PM2.5
298,德阳市,2014-08-23 23:00,49,优,None
299,绵阳市,2014-08-23 23:00,53,良,PM10
300,南充市,2014-08-23 23:00,59,良,PM2.5
301,宜宾市,2014-08-23 23:00,65,良,PM2.5
302,贵阳市,2014-08-23 23:00,50,优,None
303,遵义市,2014-08-23 23:00,60,良,PM10
304,昆明市,2014-08-23 23:00,57,良,PM10
305,曲靖市,2014-08-23 23:00,47,优,None
306,玉溪市,2014-08-23 23:00,30,优,None
307,拉萨市,2014-08-23 23:00,30,优,None
308,西安市,2014-08-23 23:00,64,良,PM10
309,铜川市,2014-08-23 23:00,35,优,None
310,宝鸡市,2014-08-23 23:00,56,良,PM10
311,咸阳市,2014-08-23 23:00,53,良,PM10
312,渭南市,2014-08-23 23:00,62,良,PM10
313,延安市,2014-08-23 23:00,57,良,PM10
314,兰州市,2014-08-23 23:00,58,良,PM10
315,嘉峪关市,2014-08-23 23:00,57,良,PM10
316,金昌市,2014-08-23 23:00,56,良,PM10
317,西宁市,2014-08-23 23:00,39,优,None
318,银川市,2014-08-23 23:00,69,良,PM2.5
319,石嘴山市,2014-08-23 23:00,62,良,PM10
320,乌鲁木齐市,2014-08-23 23:00,99,良,PM10
321,克拉玛依市,2014-08-23 23:00,76,良,PM10
322,库尔勒市,2014-08-23 23:00,145,轻度污染,PM10
323,北京市,2014-08-23 22:00,186,中度污染,PM2.5
324,天津市,2014-08-23 22:00,56,良,PM10
325,石家庄市,2014-08-23 22:00,179,中度污染,PM2.5
326,唐山市,2014-08-23 22:00,110,轻度污染,PM2.5
327,秦皇岛市,2014-08-23 22:00,92,良,PM2.5
328,邯郸市,2014-08-23 22:00,210,重度污染,PM2.5
329,邢台市,2014-08-23 22:00,231,重度污染,PM2.5
330,保定市,2014-08-23 22:00,200,中度污染,PM2.5
331,承德市,2014-08-23 22:00,58,良,PM10
332,沧州市,2014-08-23 22:00,152,中度污染,PM2.5
333,廊坊市,2014-08-23 22:00,190,中度污染,PM2.5
334,衡水市,2014-08-23 22:00,220,重度污染,PM2.5
335,张家口市,2014-08-23 22:00,22,优,None
336,太原市,2014-08-23 22:00,34,优,None
337,大同市,2014-08-23 22:00,53,良,PM10
338,阳泉市,2014-08-23 22:00,55,良,PM2.5
339,长治市,2014-08-23 22:00,82,良,PM2.5
340,临汾市,2014-08-23 22:00,66,良,PM10
341,呼和浩特市,2014-08-23 22:00,41,优,None
342,包头市,2014-08-23 22:00,63,良,PM10
343,赤峰市,2014-08-23 22:00,55,良,PM10
344,鄂尔多斯市,2014-08-23 22:00,19,优,None
345,沈阳市,2014-08-23 22:00,53,良,PM10
346,大连市,2014-08-23 22:00,62,良,PM2.5
347,鞍山市,2014-08-23 22:00,62,良,PM2.5
348,抚顺市,2014-08-23 22:00,41,优,None
349,本溪市,2014-08-23 22:00,55,良,PM10
350,丹东市,2014-08-23 22:00,53,良,PM2.5
351,锦州市,2014-08-23 22:00,97,良,PM2.5
352,营口市,2014-08-23 22:00,44,优,None
353,盘锦市,2014-08-23 22:00,77,良,PM2.5
354,葫芦岛市,2014-08-23 22:00,97,良,PM10
355,长春市,2014-08-23 22:00,57,良,PM2.5
356,吉林市,2014-08-23 22:00,60,良,PM10
357,哈尔滨市,2014-08-23 22:00,64,良,PM10
358,齐齐哈尔市,2014-08-23 22:00,43,优,None
359,大庆市,2014-08-23 22:00,23,优,None
360,牡丹江市,2014-08-23 22:00,72,良,PM10
361,上海市,2014-08-23 22:00,87,良,PM2.5
362,南京市,2014-08-23 22:00,64,良,PM2.5
363,无锡市,2014-08-23 22:00,75,良,PM2.5
364,徐州市,2014-08-23 22:00,48,优,None
365,常州市,2014-08-23 22:00,40,优,None
366,苏州市,2014-08-23 22:00,120,轻度污染,PM2.5
367,南通市,2014-08-23 22:00,35,优,None
368,连云港市,2014-08-23 22:00,69,良,PM10,PM2.5
369,淮安市,2014-08-23 22:00,110,轻度污染,PM2.5
370,盐城市,2014-08-23 22:00,60,良,PM2.5
371,扬州市,2014-08-23 22:00,68,良,PM2.5
372,镇江市,2014-08-23 22:00,83,良,PM2.5
373,泰州市,2014-08-23 22:00,58,良,PM2.5
374,宿迁市,2014-08-23 22:00,102,轻度污染,PM2.5
375,杭州市,2014-08-23 22:00,117,轻度污染,PM2.5
376,宁波市,2014-08-23 22:00,40,优,None
377,温州市,2014-08-23 22:00,55,良,PM10
378,嘉兴市,2014-08-23 22:00,82,良,PM2.5
379,湖州市,2014-08-23 22:00,49,优,None
380,金华市,2014-08-23 22:00,32,优,None
381,衢州市,2014-08-23 22:00,50,优,None
382,舟山市,2014-08-23 22:00,20,优,None
383,台州市,2014-08-23 22:00,52,良,PM10
384,丽水市,2014-08-23 22:00,50,优,None
385,绍兴市,2014-08-23 22:00,58,良,PM2.5
386,合肥市,2014-08-23 22:00,112,轻度污染,PM2.5
387,芜湖市,2014-08-23 22:00,59,良,PM2.5
388,马鞍山市,2014-08-23 22:00,84,良,PM10
389,福州市,2014-08-23 22:00,60,良,PM10
390,厦门市,2014-08-23 22:00,44,优,None
391,泉州市,2014-08-23 22:00,30,优,None
392,南昌市,2014-08-23 22:00,69,良,PM10
393,九江市,2014-08-23 22:00,89,良,PM10
394,济南市,2014-08-23 22:00,98,良,PM2.5
395,青岛市,2014-08-23 22:00,51,良,PM10
396,淄博市,2014-08-23 22:00,102,轻度污染,PM2.5
397,枣庄市,2014-08-23 22:00,62,良,PM10
398,东营市,2014-08-23 22:00,166,中度污染,PM2.5
399,烟台市,2014-08-23 22:00,52,良,PM2.5
400,潍坊市,2014-08-23 22:00,112,轻度污染,PM2.5
401,济宁市,2014-08-23 22:00,73,良,PM2.5
402,泰安市,2014-08-23 22:00,109,轻度污染,PM10
403,威海市,2014-08-23 22:00,51,良,PM10
404,日照市,2014-08-23 22:00,77,良,PM2.5
405,莱芜市,2014-08-23 22:00,113,轻度污染,PM10
406,临沂市,2014-08-23 22:00,149,轻度污染,PM10
407,德州市,2014-08-23 22:00,139,轻度污染,PM2.5
408,聊城市,2014-08-23 22:00,147,轻度污染,PM2.5
409,滨州市,2014-08-23 22:00,162,中度污染,PM2.5
410,菏泽市,2014-08-23 22:00,99,良,PM2.5
411,郑州市,2014-08-23 22:00,74,良,PM10
412,开封市,2014-08-23 22:00,62,良,PM2.5
413,洛阳市,2014-08-23 22:00,57,良,PM10
414,平顶山市,2014-08-23 22:00,58,良,PM10
415,安阳市,2014-08-23 22:00,84,良,PM2.5
416,焦作市,2014-08-23 22:00,62,良,PM10
417,三门峡市,2014-08-23 22:00,82,良,PM10
418,武汉市,2014-08-23 22:00,99,良,PM2.5
419,宜昌市,2014-08-23 22:00,29,优,None
420,荆州市,2014-08-23 22:00,42,优,None
421,长沙市,2014-08-23 22:00,73,良,PM2.5
422,株洲市,2014-08-23 22:00,53,良,PM10,PM2.5
423,湘潭市,2014-08-23 22:00,62,良,PM10
424,岳阳市,2014-08-23 22:00,73,良,PM10
425,常德市,2014-08-23 22:00,38,优,None
426,张家界市,2014-08-23 22:00,38,优,None
427,广州市,2014-08-23 22:00,49,优,None
428,韶关市,2014-08-23 22:00,59,良,PM10
429,深圳市,2014-08-23 22:00,33,优,None
430,珠海市,2014-08-23 22:00,25,优,None
431,汕头市,2014-08-23 22:00,27,优,None
432,佛山市,2014-08-23 22:00,32,优,None
433,江门市,2014-08-23 22:00,23,优,None
434,湛江市,2014-08-23 22:00,19,优,None
435,茂名市,2014-08-23 22:00,29,优,None
436,肇庆市,2014-08-23 22:00,34,优,None
437,惠州市,2014-08-23 22:00,34,优,None
438,梅州市,2014-08-23 22:00,44,优,None
439,汕尾市,2014-08-23 22:00,11,优,None
440,河源市,2014-08-23 22:00,34,优,None
441,阳江市,2014-08-23 22:00,12,优,None
442,清远市,2014-08-23 22:00,52,良,PM2.5
443,东莞市,2014-08-23 22:00,22,优,None
444,中山市,2014-08-23 22:00,14,优,None
445,潮州市,2014-08-23 22:00,77,良,PM2.5
446,揭阳市,2014-08-23 22:00,50,优,None
447,云浮市,2014-08-23 22:00,19,优,None
448,南宁市,2014-08-23 22:00,56,良,PM10
449,柳州市,2014-08-23 22:00,58,良,PM10
450,桂林市,2014-08-23 22:00,68,良,PM10
451,北海市,2014-08-23 22:00,22,优,None
452,海口市,2014-08-23 22:00,28,优,None
453,三亚市,2014-08-23 22:00,26,优,None
454,重庆市,2014-08-23 22:00,63,良,PM2.5
455,成都市,2014-08-23 22:00,55,良,PM10
456,自贡市,2014-08-23 22:00,58,良,PM2.5
457,攀枝花市,2014-08-23 22:00,58,良,PM10
458,泸州市,2014-08-23 22:00,54,良,PM2.5
459,德阳市,2014-08-23 22:00,45,优,None
460,绵阳市,2014-08-23 22:00,51,良,PM10
461,南充市,2014-08-23 22:00,60,良,PM2.5
462,宜宾市,2014-08-23 22:00,60,良,PM2.5
463,贵阳市,2014-08-23 22:00,52,良,PM10
464,遵义市,2014-08-23 22:00,60,良,PM10
465,昆明市,2014-08-23 22:00,53,良,PM10
466,曲靖市,2014-08-23 22:00,35,优,None
467,玉溪市,2014-08-23 22:00,25,优,None
468,拉萨市,2014-08-23 22:00,55,良,PM10
469,西安市,2014-08-23 22:00,65,良,PM10
470,铜川市,2014-08-23 22:00,49,优,None
471,宝鸡市,2014-08-23 22:00,55,良,PM10
472,咸阳市,2014-08-23 22:00,41,优,None
473,渭南市,2014-08-23 22:00,65,良,PM10
474,延安市,2014-08-23 22:00,59,良,PM10
475,兰州市,2014-08-23 22:00,56,良,PM10
476,嘉峪关市,2014-08-23 22:00,72,良,PM10
477,金昌市,2014-08-23 22:00,48,优,None
478,西宁市,2014-08-23 22:00,37,优,None
479,银川市,2014-08-23 22:00,78,良,PM2.5
480,石嘴山市,2014-08-23 22:00,63,良,PM10
481,乌鲁木齐市,2014-08-23 22:00,85,良,PM10
482,克拉玛依市,2014-08-23 22:00,66,良,PM10
483,库尔勒市,2014-08-23 22:00,87,良,PM10
484,北京市,2014-08-23 21:00,180,中度污染,PM2.5
485,天津市,2014-08-23 21:00,58,良,PM2.5
486,石家庄市,2014-08-23 21:00,180,中度污染,PM2.5
487,唐山市,2014-08-23 21:00,104,轻度污染,PM2.5
488,秦皇岛市,2014-08-23 21:00,93,良,PM2.5
489,邯郸市,2014-08-23 21:00,202,重度污染,PM2.5
490,邢台市,2014-08-23 21:00,229,重度污染,PM2.5
491,保定市,2014-08-23 21:00,189,中度污染,PM2.5
492,承德市,2014-08-23 21:00,48,优,None
493,沧州市,2014-08-23 21:00,139,轻度污染,PM2.5
494,廊坊市,2014-08-23 21:00,196,中度污染,PM2.5
495,衡水市,2014-08-23 21:00,208,重度污染,PM2.5
496,张家口市,2014-08-23 21:00,22,优,None
497,太原市,2014-08-23 21:00,33,优,None
498,大同市,2014-08-23 21:00,56,良,PM10
499,阳泉市,2014-08-23 21:00,59,良,PM2.5
500,长治市,2014-08-23 21:00,78,良,PM2.5
501,临汾市,2014-08-23 21:00,67,良,PM10
502,呼和浩特市,2014-08-23 21:00,36,优,None
503,包头市,2014-08-23 21:00,56,良,PM10
504,赤峰市,2014-08-23 21:00,52,良,PM10
505,鄂尔多斯市,2014-08-23 21:00,20,优,None
506,沈阳市,2014-08-23 21:00,53,良,PM10
507,大连市,2014-08-23 21:00,69,良,PM2.5
508,鞍山市,2014-08-23 21:00,63,良,PM2.5
509,抚顺市,2014-08-23 21:00,36,优,None
510,本溪市,2014-08-23 21:00,52,良,PM10
511,丹东市,2014-08-23 21:00,55,良,PM2.5
512,锦州市,2014-08-23 21:00,135,轻度污染,PM2.5
513,营口市,2014-08-23 21:00,43,优,None
514,盘锦市,2014-08-23 21:00,77,良,PM2.5
515,葫芦岛市,2014-08-23 21:00,113,轻度污染,PM10
516,长春市,2014-08-23 21:00,58,良,PM2.5
517,吉林市,2014-08-23 21:00,60,良,PM10
518,哈尔滨市,2014-08-23 21:00,58,良,PM10
519,齐齐哈尔市,2014-08-23 21:00,44,优,None
520,大庆市,2014-08-23 21:00,22,优,None
521,牡丹江市,2014-08-23 21:00,68,良,PM10
522,上海市,2014-08-23 21:00,89,良,PM2.5
523,南京市,2014-08-23 21:00,58,良,PM2.5
524,无锡市,2014-08-23 21:00,74,良,PM2.5
525,徐州市,2014-08-23 21:00,50,优,None
526,常州市,2014-08-23 21:00,51,良,PM10
527,苏州市,2014-08-23 21:00,143,轻度污染,PM2.5
528,南通市,2014-08-23 21:00,54,良,PM10
529,连云港市,2014-08-23 21:00,72,良,PM10,PM2.5
530,淮安市,2014-08-23 21:00,118,轻度污染,PM2.5
531,盐城市,2014-08-23 21:00,57,良,PM2.5
532,扬州市,2014-08-23 21:00,62,良,PM10
533,镇江市,2014-08-23 21:00,83,良,PM2.5
534,泰州市,2014-08-23 21:00,74,良,PM2.5
535,宿迁市,2014-08-23 21:00,97,良,PM2.5
536,杭州市,2014-08-23 21:00,104,轻度污染,PM2.5
537,宁波市,2014-08-23 21:00,45,优,None
538,温州市,2014-08-23 21:00,57,良,PM10
539,嘉兴市,2014-08-23 21:00,80,良,PM2.5
540,湖州市,2014-08-23 21:00,57,良,PM10
541,金华市,2014-08-23 21:00,29,优,None
542,衢州市,2014-08-23 21:00,51,良,PM10
543,舟山市,2014-08-23 21:00,18,优,None
544,台州市,2014-08-23 21:00,48,优,None
545,丽水市,2014-08-23 21:00,43,优,None
546,绍兴市,2014-08-23 21:00,59,良,PM2.5
547,合肥市,2014-08-23 21:00,107,轻度污染,PM10
548,芜湖市,2014-08-23 21:00,63,良,PM2.5
549,马鞍山市,2014-08-23 21:00,89,良,PM10
550,福州市,2014-08-23 21:00,67,良,PM10
551,厦门市,2014-08-23 21:00,53,良,PM10
552,泉州市,2014-08-23 21:00,35,优,None
553,南昌市,2014-08-23 21:00,69,良,PM10
554,九江市,2014-08-23 21:00,94,良,PM10
555,济南市,2014-08-23 21:00,97,良,PM2.5
556,青岛市,2014-08-23 21:00,52,良,PM10
557,淄博市,2014-08-23 21:00,103,轻度污染,PM2.5
558,枣庄市,2014-08-23 21:00,87,良,PM2.5
559,东营市,2014-08-23 21:00,152,中度污染,PM2.5
560,烟台市,2014-08-23 21:00,57,良,PM10
561,潍坊市,2014-08-23 21:00,113,轻度污染,PM10
562,济宁市,2014-08-23 21:00,68,良,PM2.5
563,泰安市,2014-08-23 21:00,102,轻度污染,PM2.5
564,威海市,2014-08-23 21:00,56,良,PM10
565,日照市,2014-08-23 21:00,100,良,PM2.5
566,莱芜市,2014-08-23 21:00,102,轻度污染,PM2.5
567,临沂市,2014-08-23 21:00,129,轻度污染,PM10
568,德州市,2014-08-23 21:00,139,轻度污染,PM2.5
569,聊城市,2014-08-23 21:00,147,轻度污染,PM2.5
570,滨州市,2014-08-23 21:00,169,中度污染,PM2.5
571,菏泽市,2014-08-23 21:00,98,良,PM2.5
572,郑州市,2014-08-23 21:00,75,良,PM10
573,开封市,2014-08-23 21:00,63,良,PM2.5
574,洛阳市,2014-08-23 21:00,55,良,PM10
575,平顶山市,2014-08-23 21:00,57,良,PM10
576,安阳市,2014-08-23 21:00,89,良,PM2.5
577,焦作市,2014-08-23 21:00,56,良,PM10
578,三门峡市,2014-08-23 21:00,68,良,PM10
579,武汉市,2014-08-23 21:00,99,良,PM2.5
580,宜昌市,2014-08-23 21:00,22,优,None
581,荆州市,2014-08-23 21:00,39,优,None
582,长沙市,2014-08-23 21:00,70,良,PM10
583,株洲市,2014-08-23 21:00,60,良,PM2.5
584,湘潭市,2014-08-23 21:00,56,良,PM10
585,岳阳市,2014-08-23 21:00,70,良,PM10
586,常德市,2014-08-23 21:00,54,良,PM2.5
587,张家界市,2014-08-23 21:00,35,优,None
588,广州市,2014-08-23 21:00,44,优,None
589,韶关市,2014-08-23 21:00,58,良,PM2.5
590,深圳市,2014-08-23 21:00,28,优,None
591,珠海市,2014-08-23 21:00,23,优,None
592,汕头市,2014-08-23 21:00,26,优,None
593,佛山市,2014-08-23 21:00,32,优,None
594,江门市,2014-08-23 21:00,24,优,None
595,湛江市,2014-08-23 21:00,24,优,None
596,茂名市,2014-08-23 21:00,32,优,None
597,肇庆市,2014-08-23 21:00,34,优,None
598,惠州市,2014-08-23 21:00,30,优,None
599,梅州市,2014-08-23 21:00,42,优,None
600,汕尾市,2014-08-23 21:00,14,优,None
601,河源市,2014-08-23 21:00,34,优,None
602,阳江市,2014-08-23 21:00,12,优,None
603,清远市,2014-08-23 21:00,54,良,PM10
604,东莞市,2014-08-23 21:00,23,优,None
605,中山市,2014-08-23 21:00,14,优,None
606,潮州市,2014-08-23 21:00,67,良,PM2.5
607,揭阳市,2014-08-23 21:00,44,优,None
608,云浮市,2014-08-23 21:00,20,优,None
609,南宁市,2014-08-23 21:00,66,良,PM10
610,柳州市,2014-08-23 21:00,59,良,PM10
611,桂林市,2014-08-23 21:00,40,优,None
612,北海市,2014-08-23 21:00,24,优,None
613,海口市,2014-08-23 21:00,31,优,None
614,三亚市,2014-08-23 21:00,26,优,None
615,重庆市,2014-08-23 21:00,58,良,PM10,PM2.5
616,成都市,2014-08-23 21:00,48,优,None
617,自贡市,2014-08-23 21:00,66,良,PM10
618,攀枝花市,2014-08-23 21:00,65,良,PM10
619,泸州市,2014-08-23 21:00,50,优,None
620,德阳市,2014-08-23 21:00,45,优,None
621,绵阳市,2014-08-23 21:00,44,优,None
622,南充市,2014-08-23 21:00,67,良,PM2.5
623,宜宾市,2014-08-23 21:00,54,良,PM2.5
624,贵阳市,2014-08-23 21:00,52,良,PM10,PM2.5
625,遵义市,2014-08-23 21:00,53,良,PM10
626,昆明市,2014-08-23 21:00,51,良,PM10
627,曲靖市,2014-08-23 21:00,40,优,None
628,玉溪市,2014-08-23 21:00,22,优,None
629,拉萨市,2014-08-23 21:00,64,良,PM10
630,西安市,2014-08-23 21:00,59,良,PM10
631,铜川市,2014-08-23 21:00,60,良,PM10
632,宝鸡市,2014-08-23 21:00,55,良,PM10
633,咸阳市,2014-08-23 21:00,45,优,None
634,渭南市,2014-08-23 21:00,70,良,PM10
635,延安市,2014-08-23 21:00,43,优,None
636,兰州市,2014-08-23 21:00,42,优,None
637,嘉峪关市,2014-08-23 21:00,52,良,PM10
638,金昌市,2014-08-23 21:00,20,优,None
639,西宁市,2014-08-23 21:00,48,优,None
640,银川市,2014-08-23 21:00,65,良,PM2.5
641,石嘴山市,2014-08-23 21:00,68,良,PM10
642,乌鲁木齐市,2014-08-23 21:00,68,良,PM10
643,克拉玛依市,2014-08-23 21:00,55,良,PM10
644,库尔勒市,2014-08-23 21:00,63,良,PM10
645,北京市,2014-08-23 20:00,169,中度污染,PM2.5
646,天津市,2014-08-23 20:00,79,良,PM2.5
647,石家庄市,2014-08-23 20:00,152,中度污染,PM2.5
648,唐山市,2014-08-23 20:00,94,良,PM2.5
649,秦皇岛市,2014-08-23 20:00,88,良,PM2.5
650,邯郸市,2014-08-23 20:00,228,重度污染,PM2.5
651,邢台市,2014-08-23 20:00,216,重度污染,PM2.5
652,保定市,2014-08-23 20:00,186,中度污染,PM2.5
653,承德市,2014-08-23 20:00,53,良,PM10
654,沧州市,2014-08-23 20:00,133,轻度污染,PM2.5
655,廊坊市,2014-08-23 20:00,176,中度污染,PM2.5
656,衡水市,2014-08-23 20:00,182,中度污染,PM2.5
657,张家口市,2014-08-23 20:00,29,优,None
658,太原市,2014-08-23 20:00,31,优,None
659,大同市,2014-08-23 20:00,52,良,PM10
660,阳泉市,2014-08-23 20:00,198,中度污染,PM10
661,长治市,2014-08-23 20:00,73,良,PM2.5
662,临汾市,2014-08-23 20:00,68,良,PM10
663,呼和浩特市,2014-08-23 20:00,42,优,None
664,包头市,2014-08-23 20:00,59,良,PM10
665,赤峰市,2014-08-23 20:00,53,良,PM10
666,鄂尔多斯市,2014-08-23 20:00,21,优,None
667,沈阳市,2014-08-23 20:00,54,良,PM10
668,大连市,2014-08-23 20:00,88,良,PM2.5
669,鞍山市,2014-08-23 20:00,67,良,PM2.5
670,抚顺市,2014-08-23 20:00,40,优,None
671,本溪市,2014-08-23 20:00,47,优,None
672,丹东市,2014-08-23 20:00,73,良,PM2.5
673,锦州市,2014-08-23 20:00,156,中度污染,PM2.5
674,营口市,2014-08-23 20:00,43,优,None
675,盘锦市,2014-08-23 20:00,92,良,PM2.5
676,葫芦岛市,2014-08-23 20:00,112,轻度污染,PM10
677,长春市,2014-08-23 20:00,59,良,PM2.5
678,吉林市,2014-08-23 20:00,59,良,PM10
679,哈尔滨市,2014-08-23 20:00,52,良,PM10
680,齐齐哈尔市,2014-08-23 20:00,40,优,None
681,大庆市,2014-08-23 20:00,18,优,None
682,牡丹江市,2014-08-23 20:00,55,良,PM2.5
683,上海市,2014-08-23 20:00,88,良,PM2.5
684,南京市,2014-08-23 20:00,54,良,PM2.5
685,无锡市,2014-08-23 20:00,68,良,PM2.5
686,徐州市,2014-08-23 20:00,63,良,PM10
687,常州市,2014-08-23 20:00,57,良,PM10
688,苏州市,2014-08-23 20:00,125,轻度污染,PM2.5
689,南通市,2014-08-23 20:00,61,良,PM10
690,连云港市,2014-08-23 20:00,71,良,PM10
691,淮安市,2014-08-23 20:00,109,轻度污染,PM2.5
692,盐城市,2014-08-23 20:00,61,良,PM10
693,扬州市,2014-08-23 20:00,58,良,PM10
694,镇江市,2014-08-23 20:00,82,良,PM2.5
695,泰州市,2014-08-23 20:00,72,良,PM2.5
696,宿迁市,2014-08-23 20:00,89,良,PM2.5
697,杭州市,2014-08-23 20:00,84,良,PM10
698,宁波市,2014-08-23 20:00,44,优,None
699,温州市,2014-08-23 20:00,55,良,PM10
700,嘉兴市,2014-08-23 20:00,70,良,PM2.5
701,湖州市,2014-08-23 20:00,58,良,PM10
702,金华市,2014-08-23 20:00,36,优,None
703,衢州市,2014-08-23 20:00,46,优,None
704,舟山市,2014-08-23 20:00,19,优,None
705,台州市,2014-08-23 20:00,35,优,None
706,丽水市,2014-08-23 20:00,49,优,None
707,绍兴市,2014-08-23 20:00,73,良,PM2.5
708,合肥市,2014-08-23 20:00,101,轻度污染,PM10
709,芜湖市,2014-08-23 20:00,78,良,PM2.5
710,马鞍山市,2014-08-23 20:00,80,良,PM10
711,福州市,2014-08-23 20:00,74,良,PM10
712,厦门市,2014-08-23 20:00,45,优,None
713,泉州市,2014-08-23 20:00,31,优,None
714,南昌市,2014-08-23 20:00,63,良,PM10
715,九江市,2014-08-23 20:00,101,轻度污染,PM10
716,济南市,2014-08-23 20:00,92,良,PM2.5
717,青岛市,2014-08-23 20:00,53,良,PM10
718,淄博市,2014-08-23 20:00,94,良,PM2.5
719,枣庄市,2014-08-23 20:00,94,良,PM2.5
720,东营市,2014-08-23 20:00,120,轻度污染,PM2.5
721,烟台市,2014-08-23 20:00,61,良,PM10
722,潍坊市,2014-08-23 20:00,110,轻度污染,PM10
723,济宁市,2014-08-23 20:00,85,良,PM2.5
724,泰安市,2014-08-23 20:00,101,轻度污染,PM10
725,威海市,2014-08-23 20:00,59,良,PM10
726,日照市,2014-08-23 20:00,103,轻度污染,PM2.5
727,莱芜市,2014-08-23 20:00,96,良,PM10
728,临沂市,2014-08-23 20:00,137,轻度污染,PM10
729,德州市,2014-08-23 20:00,123,轻度污染,PM10,PM2.5
730,聊城市,2014-08-23 20:00,137,轻度污染,PM2.5
731,滨州市,2014-08-23 20:00,149,轻度污染,PM2.5
732,菏泽市,2014-08-23 20:00,84,良,PM2.5
733,郑州市,2014-08-23 20:00,62,良,PM10
734,开封市,2014-08-23 20:00,60,良,PM10
735,洛阳市,2014-08-23 20:00,46,优,None
736,平顶山市,2014-08-23 20:00,53,良,PM10
737,安阳市,2014-08-23 20:00,93,良,PM2.5
738,焦作市,2014-08-23 20:00,51,良,PM10
739,三门峡市,2014-08-23 20:00,77,良,PM10
740,武汉市,2014-08-23 20:00,114,轻度污染,PM10
741,宜昌市,2014-08-23 20:00,17,优,None
742,荆州市,2014-08-23 20:00,43,优,None
743,长沙市,2014-08-23 20:00,75,良,PM10
744,株洲市,2014-08-23 20:00,67,良,PM2.5
745,湘潭市,2014-08-23 20:00,53,良,PM10
746,岳阳市,2014-08-23 20:00,69,良,PM10
747,常德市,2014-08-23 20:00,77,良,PM2.5
748,张家界市,2014-08-23 20:00,27,优,None
749,广州市,2014-08-23 20:00,42,优,None
750,韶关市,2014-08-23 20:00,58,良,PM10
751,深圳市,2014-08-23 20:00,28,优,None
752,珠海市,2014-08-23 20:00,26,优,None
753,汕头市,2014-08-23 20:00,34,优,None
754,佛山市,2014-08-23 20:00,32,优,None
755,江门市,2014-08-23 20:00,45,优,None
756,湛江市,2014-08-23 20:00,42,优,None
757,茂名市,2014-08-23 20:00,31,优,None
758,肇庆市,2014-08-23 20:00,41,优,None
759,惠州市,2014-08-23 20:00,39,优,None
760,梅州市,2014-08-23 20:00,46,优,None
761,汕尾市,2014-08-23 20:00,14,优,None
762,河源市,2014-08-23 20:00,35,优,None
763,阳江市,2014-08-23 20:00,21,优,None
764,清远市,2014-08-23 20:00,62,良,PM2.5
765,东莞市,2014-08-23 20:00,26,优,None
766,中山市,2014-08-23 20:00,16,优,None
767,潮州市,2014-08-23 20:00,55,良,PM10
768,揭阳市,2014-08-23 20:00,48,优,None
769,云浮市,2014-08-23 20:00,20,优,None
770,南宁市,2014-08-23 20:00,56,良,PM10
771,柳州市,2014-08-23 20:00,51,良,PM10
772,桂林市,2014-08-23 20:00,52,良,PM10
773,北海市,2014-08-23 20:00,25,优,None
774,海口市,2014-08-23 20:00,30,优,None
775,三亚市,2014-08-23 20:00,19,优,None
776,重庆市,2014-08-23 20:00,58,良,PM10
777,成都市,2014-08-23 20:00,40,优,None
778,自贡市,2014-08-23 20:00,55,良,PM10
779,攀枝花市,2014-08-23 20:00,70,良,PM10
780,泸州市,2014-08-23 20:00,48,优,None
781,德阳市,2014-08-23 20:00,56,良,PM10
782,绵阳市,2014-08-23 20:00,39,优,None
783,南充市,2014-08-23 20:00,67,良,PM2.5
784,宜宾市,2014-08-23 20:00,45,优,None
785,贵阳市,2014-08-23 20:00,48,优,None
786,遵义市,2014-08-23 20:00,48,优,None
787,昆明市,2014-08-23 20:00,45,优,None
788,曲靖市,2014-08-23 20:00,39,优,None
789,玉溪市,2014-08-23 20:00,22,优,None
790,拉萨市,2014-08-23 20:00,48,优,None
791,西安市,2014-08-23 20:00,61,良,PM10
792,铜川市,2014-08-23 20:00,60,良,PM10
793,宝鸡市,2014-08-23 20:00,47,优,None
794,咸阳市,2014-08-23 20:00,41,优,None
795,渭南市,2014-08-23 20:00,59,良,PM10
796,延安市,2014-08-23 20:00,43,优,None
797,兰州市,2014-08-23 20:00,38,优,None
798,嘉峪关市,2014-08-23 20:00,37,优,None
799,金昌市,2014-08-23 20:00,30,优,None
800,西宁市,2014-08-23 20:00,56,良,PM10
801,银川市,2014-08-23 20:00,59,良,PM10
802,石嘴山市,2014-08-23 20:00,73,良,PM10
803,乌鲁木齐市,2014-08-23 20:00,58,良,PM10
804,克拉玛依市,2014-08-23 20:00,45,优,None
805,库尔勒市,2014-08-23 20:00,58,良,PM10
806,北京市,2014-08-23 19:00,156,中度污染,PM2.5
807,天津市,2014-08-23 19:00,92,良,PM2.5
808,石家庄市,2014-08-23 19:00,139,轻度污染,PM2.5
809,唐山市,2014-08-23 19:00,80,良,PM2.5
810,秦皇岛市,2014-08-23 19:00,92,良,PM2.5
811,邯郸市,2014-08-23 19:00,233,重度污染,PM2.5
812,邢台市,2014-08-23 19:00,195,中度污染,PM2.5
813,保定市,2014-08-23 19:00,170,中度污染,PM2.5
814,承德市,2014-08-23 19:00,60,良,PM10
815,沧州市,2014-08-23 19:00,117,轻度污染,PM2.5
816,廊坊市,2014-08-23 19:00,168,中度污染,PM2.5
817,衡水市,2014-08-23 19:00,186,中度污染,PM2.5
818,张家口市,2014-08-23 19:00,21,优,None
819,太原市,2014-08-23 19:00,30,优,None
820,大同市,2014-08-23 19:00,49,优,None
821,阳泉市,2014-08-23 19:00,97,良,PM10
822,长治市,2014-08-23 19:00,75,良,PM2.5
823,临汾市,2014-08-23 19:00,73,良,PM2.5
824,呼和浩特市,2014-08-23 19:00,44,优,None
825,包头市,2014-08-23 19:00,54,良,PM10
826,赤峰市,2014-08-23 19:00,60,良,PM10
827,鄂尔多斯市,2014-08-23 19:00,23,优,None
828,沈阳市,2014-08-23 19:00,58,良,PM10
829,大连市,2014-08-23 19:00,100,良,PM2.5
830,鞍山市,2014-08-23 19:00,64,良,PM2.5
831,抚顺市,2014-08-23 19:00,47,优,None
832,本溪市,2014-08-23 19:00,40,优,None
833,丹东市,2014-08-23 19:00,67,良,PM2.5
834,锦州市,2014-08-23 19:00,152,中度污染,PM2.5
835,营口市,2014-08-23 19:00,45,优,None
836,盘锦市,2014-08-23 19:00,100,良,PM2.5
837,葫芦岛市,2014-08-23 19:00,111,轻度污染,PM10
838,长春市,2014-08-23 19:00,70,良,PM10
839,吉林市,2014-08-23 19:00,53,良,PM10
840,哈尔滨市,2014-08-23 19:00,44,优,None
841,齐齐哈尔市,2014-08-23 19:00,30,优,None
842,大庆市,2014-08-23 19:00,20,优,None
843,牡丹江市,2014-08-23 19:00,59,良,PM10
844,上海市,2014-08-23 19:00,75,良,PM2.5
845,南京市,2014-08-23 19:00,54,良,PM2.5
846,无锡市,2014-08-23 19:00,63,良,PM10,PM2.5
847,徐州市,2014-08-23 19:00,63,良,PM10
848,常州市,2014-08-23 19:00,64,良,PM10
849,苏州市,2014-08-23 19:00,110,轻度污染,PM2.5
850,南通市,2014-08-23 19:00,72,良,PM10
851,连云港市,2014-08-23 19:00,79,良,PM10
852,淮安市,2014-08-23 19:00,100,良,PM2.5
853,盐城市,2014-08-23 19:00,72,良,PM10
854,扬州市,2014-08-23 19:00,52,良,PM2.5
855,镇江市,2014-08-23 19:00,69,良,PM10,PM2.5
856,泰州市,2014-08-23 19:00,63,良,PM2.5
857,宿迁市,2014-08-23 19:00,88,良,PM2.5
858,杭州市,2014-08-23 19:00,71,良,PM10
859,宁波市,2014-08-23 19:00,41,优,None
860,温州市,2014-08-23 19:00,55,良,PM10
861,嘉兴市,2014-08-23 19:00,75,良,PM10
862,湖州市,2014-08-23 19:00,53,良,PM10,PM2.5
863,金华市,2014-08-23 19:00,42,优,None
864,衢州市,2014-08-23 19:00,46,优,None
865,舟山市,2014-08-23 19:00,22,优,None
866,台州市,2014-08-23 19:00,48,优,None
867,丽水市,2014-08-23 19:00,51,良,PM10
868,绍兴市,2014-08-23 19:00,100,良,PM2.5
869,合肥市,2014-08-23 19:00,96,良,PM10
870,芜湖市,2014-08-23 19:00,59,良,PM10,PM2.5
871,马鞍山市,2014-08-23 19:00,75,良,PM10
872,福州市,2014-08-23 19:00,78,良,PM10
873,厦门市,2014-08-23 19:00,45,优,None
874,泉州市,2014-08-23 19:00,39,优,None
875,南昌市,2014-08-23 19:00,59,良,PM10
876,九江市,2014-08-23 19:00,96,良,PM10
877,济南市,2014-08-23 19:00,88,良,PM2.5
878,青岛市,2014-08-23 19:00,54,良,PM10
879,淄博市,2014-08-23 19:00,88,良,PM2.5
880,枣庄市,2014-08-23 19:00,94,良,PM2.5
881,东营市,2014-08-23 19:00,105,轻度污染,PM2.5
882,烟台市,2014-08-23 19:00,57,良,PM10,PM2.5
883,潍坊市,2014-08-23 19:00,97,良,PM10
884,济宁市,2014-08-23 19:00,100,良,PM2.5
885,泰安市,2014-08-23 19:00,97,良,PM10
886,威海市,2014-08-23 19:00,59,良,PM10
887,日照市,2014-08-23 19:00,104,轻度污染,PM2.5
888,莱芜市,2014-08-23 19:00,88,良,PM10,PM2.5
889,临沂市,2014-08-23 19:00,120,轻度污染,PM10
890,德州市,2014-08-23 19:00,112,轻度污染,PM2.5
891,聊城市,2014-08-23 19:00,133,轻度污染,PM2.5
892,滨州市,2014-08-23 19:00,139,轻度污染,PM2.5
893,菏泽市,2014-08-23 19:00,82,良,PM2.5
894,郑州市,2014-08-23 19:00,54,良,PM10
895,开封市,2014-08-23 19:00,63,良,PM10
896,洛阳市,2014-08-23 19:00,40,优,None
897,平顶山市,2014-08-23 19:00,52,良,PM10
898,安阳市,2014-08-23 19:00,119,轻度污染,PM2.5
899,焦作市,2014-08-23 19:00,47,优,None
900,三门峡市,2014-08-23 19:00,73,良,PM10
901,武汉市,2014-08-23 19:00,91,良,PM10
902,宜昌市,2014-08-23 19:00,18,优,None
903,荆州市,2014-08-23 19:00,55,良,PM10
904,长沙市,2014-08-23 19:00,67,良,PM10
905,株洲市,2014-08-23 19:00,53,良,PM2.5
906,湘潭市,2014-08-23 19:00,51,良,PM10
907,岳阳市,2014-08-23 19:00,64,良,PM10
908,常德市,2014-08-23 19:00,73,良,PM2.5
909,张家界市,2014-08-23 19:00,18,优,None
910,广州市,2014-08-23 19:00,52,良,PM10
911,韶关市,2014-08-23 19:00,54,良,PM10
912,深圳市,2014-08-23 19:00,29,优,None
913,珠海市,2014-08-23 19:00,31,优,None
914,汕头市,2014-08-23 19:00,39,优,None
915,佛山市,2014-08-23 19:00,33,优,None
916,江门市,2014-08-23 19:00,43,优,None
917,湛江市,2014-08-23 19:00,20,优,None
918,茂名市,2014-08-23 19:00,26,优,None
919,肇庆市,2014-08-23 19:00,39,优,None
920,惠州市,2014-08-23 19:00,32,优,None
921,梅州市,2014-08-23 19:00,40,优,None
922,汕尾市,2014-08-23 19:00,14,优,None
923,河源市,2014-08-23 19:00,40,优,None
924,阳江市,2014-08-23 19:00,27,优,None
925,清远市,2014-08-23 19:00,50,优,None
926,东莞市,2014-08-23 19:00,29,优,None
927,中山市,2014-08-23 19:00,25,优,None
928,潮州市,2014-08-23 19:00,52,良,PM10
929,揭阳市,2014-08-23 19:00,40,优,None
930,云浮市,2014-08-23 19:00,14,优,None
931,南宁市,2014-08-23 19:00,52,良,PM10
932,柳州市,2014-08-23 19:00,47,优,None
933,桂林市,2014-08-23 19:00,44,优,None
934,北海市,2014-08-23 19:00,27,优,None
935,海口市,2014-08-23 19:00,28,优,None
936,三亚市,2014-08-23 19:00,15,优,None
937,重庆市,2014-08-23 19:00,56,良,PM10
938,成都市,2014-08-23 19:00,43,优,None
939,自贡市,2014-08-23 19:00,58,良,PM2.5
940,攀枝花市,2014-08-23 19:00,62,良,PM10
941,泸州市,2014-08-23 19:00,47,优,None
942,德阳市,2014-08-23 19:00,70,良,PM2.5
943,绵阳市,2014-08-23 19:00,35,优,None
944,南充市,2014-08-23 19:00,58,良,PM2.5
945,宜宾市,2014-08-23 19:00,41,优,None
946,贵阳市,2014-08-23 19:00,44,优,None
947,遵义市,2014-08-23 19:00,31,优,None
948,昆明市,2014-08-23 19:00,36,优,None
949,曲靖市,2014-08-23 19:00,36,优,None
950,玉溪市,2014-08-23 19:00,16,优,None
951,拉萨市,2014-08-23 19:00,50,优,None
952,西安市,2014-08-23 19:00,70,良,PM10
953,铜川市,2014-08-23 19:00,51,良,PM10
954,宝鸡市,2014-08-23 19:00,49,优,None
955,咸阳市,2014-08-23 19:00,57,良,PM10
956,渭南市,2014-08-23 19:00,97,良,PM10
957,延安市,2014-08-23 19:00,47,优,None
958,兰州市,2014-08-23 19:00,43,优,None
959,嘉峪关市,2014-08-23 19:00,37,优,None
960,金昌市,2014-08-23 19:00,35,优,None
961,西宁市,2014-08-23 19:00,44,优,None
962,银川市,2014-08-23 19:00,58,良,PM2.5
963,石嘴山市,2014-08-23 19:00,63,良,PM10
964,乌鲁木齐市,2014-08-23 19:00,58,良,PM10
965,克拉玛依市,2014-08-23 19:00,42,优,None
966,库尔勒市,2014-08-23 19:00,54,良,PM10
967,北京市,2014-08-23 18:00,139,轻度污染,PM2.5
968,天津市,2014-08-23 18:00,89,良,PM10,PM2.5
969,石家庄市,2014-08-23 18:00,129,轻度污染,PM2.5
970,唐山市,2014-08-23 18:00,92,良,PM2.5
971,秦皇岛市,2014-08-23 18:00,90,良,PM2.5
972,邯郸市,2014-08-23 18:00,234,重度污染,PM2.5
973,邢台市,2014-08-23 18:00,204,重度污染,PM2.5
974,保定市,2014-08-23 18:00,149,轻度污染,PM2.5
975,承德市,2014-08-23 18:00,62,良,PM10
976,沧州市,2014-08-23 18:00,112,轻度污染,PM2.5
977,廊坊市,2014-08-23 18:00,172,中度污染,PM2.5
978,衡水市,2014-08-23 18:00,173,中度污染,PM2.5
979,张家口市,2014-08-23 18:00,23,优,None
980,太原市,2014-08-23 18:00,32,优,None
981,大同市,2014-08-23 18:00,54,良,PM10
982,阳泉市,2014-08-23 18:00,80,良,PM2.5
983,长治市,2014-08-23 18:00,79,良,PM2.5
984,临汾市,2014-08-23 18:00,89,良,PM2.5
985,呼和浩特市,2014-08-23 18:00,41,优,None
986,包头市,2014-08-23 18:00,49,优,None
987,赤峰市,2014-08-23 18:00,58,良,PM10
988,鄂尔多斯市,2014-08-23 18:00,25,优,None
989,沈阳市,2014-08-23 18:00,62,良,PM10
990,大连市,2014-08-23 18:00,104,轻度污染,PM2.5
991,鞍山市,2014-08-23 18:00,67,良,PM2.5
992,抚顺市,2014-08-23 18:00,45,优,None
993,本溪市,2014-08-23 18:00,35,优,None
994,丹东市,2014-08-23 18:00,55,良,PM2.5
995,锦州市,2014-08-23 18:00,140,轻度污染,PM2.5
996,营口市,2014-08-23 18:00,44,优,None
997,盘锦市,2014-08-23 18:00,122,轻度污染,PM2.5
998,葫芦岛市,2014-08-23 18:00,106,轻度污染,PM10
999,长春市,2014-08-23 18:00,83,良,PM10
1000,吉林市,2014-08-23 18:00,49,优,None
1001,哈尔滨市,2014-08-23 18:00,45,优,None
1002,齐齐哈尔市,2014-08-23 18:00,48,优,None
1003,大庆市,2014-08-23 18:00,23,优,None
1004,牡丹江市,2014-08-23 18:00,60,良,PM10
1005,上海市,2014-08-23 18:00,68,良,PM10
1006,南京市,2014-08-23 18:00,55,良,PM2.5
1007,无锡市,2014-08-23 18:00,82,良,PM2.5
1008,徐州市,2014-08-23 18:00,60,良,PM10
1009,常州市,2014-08-23 18:00,65,良,PM2.5
1010,苏州市,2014-08-23 18:00,107,轻度污染,PM2.5
1011,南通市,2014-08-23 18:00,76,良,PM10
1012,连云港市,2014-08-23 18:00,83,良,PM10,PM2.5
1013,淮安市,2014-08-23 18:00,97,良,PM2.5
1014,盐城市,2014-08-23 18:00,74,良,PM2.5
1015,扬州市,2014-08-23 18:00,53,良,PM2.5
1016,镇江市,2014-08-23 18:00,94,良,PM10
1017,泰州市,2014-08-23 18:00,52,良,PM2.5
1018,宿迁市,2014-08-23 18:00,87,良,PM2.5
1019,杭州市,2014-08-23 18:00,63,良,PM10
1020,宁波市,2014-08-23 18:00,43,优,None
1021,温州市,2014-08-23 18:00,53,良,PM10
1022,嘉兴市,2014-08-23 18:00,64,良,PM2.5
1023,湖州市,2014-08-23 18:00,52,良,PM2.5
1024,金华市,2014-08-23 18:00,47,优,None
1025,衢州市,2014-08-23 18:00,43,优,None
1026,舟山市,2014-08-23 18:00,24,优,None
1027,台州市,2014-08-23 18:00,51,良,PM10
1028,丽水市,2014-08-23 18:00,49,优,None
1029,绍兴市,2014-08-23 18:00,100,良,PM2.5
1030,合肥市,2014-08-23 18:00,86,良,PM10
1031,芜湖市,2014-08-23 18:00,58,良,PM2.5
1032,马鞍山市,2014-08-23 18:00,70,良,PM2.5
1033,福州市,2014-08-23 18:00,82,良,PM10
1034,厦门市,2014-08-23 18:00,46,优,None
1035,泉州市,2014-08-23 18:00,35,优,None
1036,南昌市,2014-08-23 18:00,54,良,PM10
1037,九江市,2014-08-23 18:00,84,良,PM10
1038,济南市,2014-08-23 18:00,92,良,PM2.5
1039,青岛市,2014-08-23 18:00,59,良,PM10
1040,淄博市,2014-08-23 18:00,87,良,PM10
1041,枣庄市,2014-08-23 18:00,80,良,PM10,PM2.5
1042,东营市,2014-08-23 18:00,115,轻度污染,PM2.5
1043,烟台市,2014-08-23 18:00,64,良,PM10
1044,潍坊市,2014-08-23 18:00,90,良,PM2.5
1045,济宁市,2014-08-23 18:00,103,轻度污染,PM2.5
1046,泰安市,2014-08-23 18:00,83,良,PM2.5
1047,威海市,2014-08-23 18:00,62,良,PM10
1048,日照市,2014-08-23 18:00,99,良,PM2.5
1049,莱芜市,2014-08-23 18:00,91,良,PM10
1050,临沂市,2014-08-23 18:00,82,良,PM10
1051,德州市,2014-08-23 18:00,113,轻度污染,PM2.5
1052,聊城市,2014-08-23 18:00,132,轻度污染,PM2.5
1053,滨州市,2014-08-23 18:00,97,良,PM2.5
1054,菏泽市,2014-08-23 18:00,77,良,PM2.5
1055,郑州市,2014-08-23 18:00,55,良,PM10
1056,开封市,2014-08-23 18:00,64,良,PM10
1057,洛阳市,2014-08-23 18:00,44,优,None
1058,平顶山市,2014-08-23 18:00,52,良,PM10
1059,安阳市,2014-08-23 18:00,130,轻度污染,PM2.5
1060,焦作市,2014-08-23 18:00,55,良,PM10
1061,三门峡市,2014-08-23 18:00,71,良,PM10
1062,武汉市,2014-08-23 18:00,81,良,PM10
1063,宜昌市,2014-08-23 18:00,27,优,None
1064,荆州市,2014-08-23 18:00,75,良,PM2.5
1065,长沙市,2014-08-23 18:00,59,良,PM2.5
1066,株洲市,2014-08-23 18:00,48,优,None
1067,湘潭市,2014-08-23 18:00,49,优,None
1068,岳阳市,2014-08-23 18:00,62,良,PM10
1069,常德市,2014-08-23 18:00,58,良,PM10
1070,张家界市,2014-08-23 18:00,33,优,None
1071,广州市,2014-08-23 18:00,46,优,None
1072,韶关市,2014-08-23 18:00,43,优,None
1073,深圳市,2014-08-23 18:00,29,优,None
1074,珠海市,2014-08-23 18:00,24,优,None
1075,汕头市,2014-08-23 18:00,31,优,None
1076,佛山市,2014-08-23 18:00,39,优,None
1077,江门市,2014-08-23 18:00,20,优,None
1078,湛江市,2014-08-23 18:00,22,优,None
1079,茂名市,2014-08-23 18:00,25,优,None
1080,肇庆市,2014-08-23 18:00,36,优,None
1081,惠州市,2014-08-23 18:00,35,优,None
1082,梅州市,2014-08-23 18:00,39,优,None
1083,汕尾市,2014-08-23 18:00,18,优,None
1084,河源市,2014-08-23 18:00,41,优,None
1085,阳江市,2014-08-23 18:00,17,优,None
1086,清远市,2014-08-23 18:00,40,优,None
1087,东莞市,2014-08-23 18:00,32,优,None
1088,中山市,2014-08-23 18:00,20,优,None
1089,潮州市,2014-08-23 18:00,51,良,PM10
1090,揭阳市,2014-08-23 18:00,32,优,None
1091,云浮市,2014-08-23 18:00,35,优,None
1092,南宁市,2014-08-23 18:00,51,良,PM10
1093,柳州市,2014-08-23 18:00,41,优,None
1094,桂林市,2014-08-23 18:00,28,优,None
1095,北海市,2014-08-23 18:00,28,优,None
1096,海口市,2014-08-23 18:00,17,优,None
1097,三亚市,2014-08-23 18:00,14,优,None
1098,重庆市,2014-08-23 18:00,51,良,PM10
1099,成都市,2014-08-23 18:00,45,优,None
1100,自贡市,2014-08-23 18:00,59,良,PM10
1101,攀枝花市,2014-08-23 18:00,41,优,None
1102,泸州市,2014-08-23 18:00,39,优,None
1103,德阳市,2014-08-23 18:00,67,良,PM2.5
1104,绵阳市,2014-08-23 18:00,37,优,None
1105,南充市,2014-08-23 18:00,68,良,PM2.5
1106,宜宾市,2014-08-23 18:00,38,优,None
1107,贵阳市,2014-08-23 18:00,41,优,None
1108,遵义市,2014-08-23 18:00,40,优,None
1109,昆明市,2014-08-23 18:00,32,优,None
1110,曲靖市,2014-08-23 18:00,36,优,None
1111,玉溪市,2014-08-23 18:00,21,优,None
1112,拉萨市,2014-08-23 18:00,40,优,None
1113,西安市,2014-08-23 18:00,75,良,PM10
1114,铜川市,2014-08-23 18:00,48,优,None
1115,宝鸡市,2014-08-23 18:00,58,良,PM10
1116,咸阳市,2014-08-23 18:00,119,轻度污染,PM10
1117,渭南市,2014-08-23 18:00,75,良,PM10
1118,延安市,2014-08-23 18:00,58,良,PM10
1119,兰州市,2014-08-23 18:00,48,优,None
1120,嘉峪关市,2014-08-23 18:00,39,优,None
1121,金昌市,2014-08-23 18:00,34,优,None
1122,西宁市,2014-08-23 18:00,44,优,None
1123,银川市,2014-08-23 18:00,47,优,None
1124,石嘴山市,2014-08-23 18:00,65,良,PM10
1125,乌鲁木齐市,2014-08-23 18:00,59,良,PM10
1126,克拉玛依市,2014-08-23 18:00,50,优,None
1127,库尔勒市,2014-08-23 18:00,55,良,PM10
1128,北京市,2014-08-23 17:00,140,轻度污染,PM2.5
1129,天津市,2014-08-23 17:00,94,良,PM2.5
1130,石家庄市,2014-08-23 17:00,115,轻度污染,PM2.5
1131,唐山市,2014-08-23 17:00,65,良,PM2.5
1132,秦皇岛市,2014-08-23 17:00,84,良,PM2.5
1133,邯郸市,2014-08-23 17:00,209,重度污染,PM2.5
1134,邢台市,2014-08-23 17:00,159,中度污染,PM2.5
1135,保定市,2014-08-23 17:00,132,轻度污染,PM2.5
1136,承德市,2014-08-23 17:00,72,良,PM10
1137,沧州市,2014-08-23 17:00,114,轻度污染,PM2.5
1138,廊坊市,2014-08-23 17:00,170,中度污染,PM2.5
1139,衡水市,2014-08-23 17:00,196,中度污染,PM2.5
1140,张家口市,2014-08-23 17:00,22,优,None
1141,太原市,2014-08-23 17:00,47,优,None
1142,大同市,2014-08-23 17:00,59,良,PM10
1143,阳泉市,2014-08-23 17:00,73,良,PM10
1144,长治市,2014-08-23 17:00,87,良,PM2.5
1145,临汾市,2014-08-23 17:00,105,轻度污染,PM2.5
1146,呼和浩特市,2014-08-23 17:00,38,优,None
1147,包头市,2014-08-23 17:00,38,优,None
1148,赤峰市,2014-08-23 17:00,53,良,PM10
1149,鄂尔多斯市,2014-08-23 17:00,25,优,None
1150,沈阳市,2014-08-23 17:00,57,良,PM10
1151,大连市,2014-08-23 17:00,104,轻度污染,PM2.5
1152,鞍山市,2014-08-23 17:00,53,良,PM10
1153,抚顺市,2014-08-23 17:00,49,优,None
1154,本溪市,2014-08-23 17:00,33,优,None
1155,丹东市,2014-08-23 17:00,54,良,PM2.5
1156,锦州市,2014-08-23 17:00,118,轻度污染,PM2.5
1157,营口市,2014-08-23 17:00,47,优,None
1158,盘锦市,2014-08-23 17:00,113,轻度污染,PM2.5
1159,葫芦岛市,2014-08-23 17:00,98,良,PM10
1160,长春市,2014-08-23 17:00,69,良,PM10
1161,吉林市,2014-08-23 17:00,42,优,None
1162,哈尔滨市,2014-08-23 17:00,33,优,None
1163,齐齐哈尔市,2014-08-23 17:00,44,优,None
1164,大庆市,2014-08-23 17:00,25,优,None
1165,牡丹江市,2014-08-23 17:00,51,良,PM10
1166,上海市,2014-08-23 17:00,64,良,PM2.5
1167,南京市,2014-08-23 17:00,67,良,PM2.5
1168,无锡市,2014-08-23 17:00,88,良,PM2.5
1169,徐州市,2014-08-23 17:00,58,良,PM10
1170,常州市,2014-08-23 17:00,59,良,PM10
1171,苏州市,2014-08-23 17:00,82,良,PM2.5
1172,南通市,2014-08-23 17:00,78,良,O3
1173,连云港市,2014-08-23 17:00,87,良,PM10
1174,淮安市,2014-08-23 17:00,94,良,PM2.5
1175,盐城市,2014-08-23 17:00,84,良,PM2.5
1176,扬州市,2014-08-23 17:00,54,良,PM2.5
1177,镇江市,2014-08-23 17:00,72,良,PM10,PM2.5
1178,泰州市,2014-08-23 17:00,52,良,PM2.5
1179,宿迁市,2014-08-23 17:00,77,良,PM10,PM2.5
1180,杭州市,2014-08-23 17:00,58,良,PM10
1181,宁波市,2014-08-23 17:00,43,优,None
1182,温州市,2014-08-23 17:00,52,良,PM10
1183,嘉兴市,2014-08-23 17:00,60,良,PM2.5
1184,湖州市,2014-08-23 17:00,54,良,PM2.5
1185,金华市,2014-08-23 17:00,50,优,None
1186,衢州市,2014-08-23 17:00,45,优,None
1187,舟山市,2014-08-23 17:00,23,优,None
1188,台州市,2014-08-23 17:00,51,良,PM10
1189,丽水市,2014-08-23 17:00,50,优,None
1190,绍兴市,2014-08-23 17:00,60,良,PM2.5
1191,合肥市,2014-08-23 17:00,78,良,PM2.5
1192,芜湖市,2014-08-23 17:00,72,良,PM2.5
1193,马鞍山市,2014-08-23 17:00,65,良,PM2.5
1194,福州市,2014-08-23 17:00,81,良,PM10
1195,厦门市,2014-08-23 17:00,62,良,PM10
1196,泉州市,2014-08-23 17:00,47,优,None
1197,南昌市,2014-08-23 17:00,61,良,PM10
1198,九江市,2014-08-23 17:00,79,良,PM10
1199,济南市,2014-08-23 17:00,88,良,PM2.5
1200,青岛市,2014-08-23 17:00,63,良,PM10
1201,淄博市,2014-08-23 17:00,92,良,PM2.5
1202,枣庄市,2014-08-23 17:00,85,良,PM10
1203,东营市,2014-08-23 17:00,124,轻度污染,PM2.5
1204,烟台市,2014-08-23 17:00,70,良,PM10
1205,潍坊市,2014-08-23 17:00,95,良,O3
1206,济宁市,2014-08-23 17:00,95,良,PM2.5
1207,泰安市,2014-08-23 17:00,79,良,PM2.5
1208,威海市,2014-08-23 17:00,66,良,PM10
1209,日照市,2014-08-23 17:00,100,良,PM2.5
1210,莱芜市,2014-08-23 17:00,79,良,PM2.5
1211,临沂市,2014-08-23 17:00,75,良,PM10
1212,德州市,2014-08-23 17:00,107,轻度污染,PM2.5
1213,聊城市,2014-08-23 17:00,123,轻度污染,PM2.5
1214,滨州市,2014-08-23 17:00,100,良,PM2.5
1215,菏泽市,2014-08-23 17:00,88,良,PM2.5
1216,郑州市,2014-08-23 17:00,53,良,PM10
1217,开封市,2014-08-23 17:00,73,良,PM10
1218,洛阳市,2014-08-23 17:00,36,优,None
1219,平顶山市,2014-08-23 17:00,58,良,PM10
1220,安阳市,2014-08-23 17:00,138,轻度污染,PM2.5
1221,焦作市,2014-08-23 17:00,58,良,PM2.5
1222,三门峡市,2014-08-23 17:00,70,良,PM10
1223,武汉市,2014-08-23 17:00,69,良,PM10
1224,宜昌市,2014-08-23 17:00,47,优,None
1225,荆州市,2014-08-23 17:00,94,良,PM2.5
1226,长沙市,2014-08-23 17:00,60,良,PM2.5
1227,株洲市,2014-08-23 17:00,45,优,None
1228,湘潭市,2014-08-23 17:00,47,优,None
1229,岳阳市,2014-08-23 17:00,63,良,PM10
1230,常德市,2014-08-23 17:00,61,良,PM10
1231,张家界市,2014-08-23 17:00,52,良,PM10
1232,广州市,2014-08-23 17:00,53,良,PM10
1233,韶关市,2014-08-23 17:00,47,优,None
1234,深圳市,2014-08-23 17:00,39,优,None
1235,珠海市,2014-08-23 17:00,34,优,None
1236,汕头市,2014-08-23 17:00,24,优,None
1237,佛山市,2014-08-23 17:00,34,优,None
1238,江门市,2014-08-23 17:00,39,优,None
1239,湛江市,2014-08-23 17:00,26,优,None
1240,茂名市,2014-08-23 17:00,20,优,None
1241,肇庆市,2014-08-23 17:00,31,优,None
1242,惠州市,2014-08-23 17:00,35,优,None
1243,梅州市,2014-08-23 17:00,24,优,None
1244,汕尾市,2014-08-23 17:00,19,优,None
1245,河源市,2014-08-23 17:00,38,优,None
1246,阳江市,2014-08-23 17:00,15,优,None
1247,清远市,2014-08-23 17:00,49,优,None
1248,东莞市,2014-08-23 17:00,37,优,None
1249,中山市,2014-08-23 17:00,26,优,None
1250,潮州市,2014-08-23 17:00,55,良,PM10
1251,揭阳市,2014-08-23 17:00,36,优,None
1252,云浮市,2014-08-23 17:00,24,优,None
1253,南宁市,2014-08-23 17:00,51,良,PM10
1254,柳州市,2014-08-23 17:00,38,优,None
1255,桂林市,2014-08-23 17:00,33,优,None
1256,北海市,2014-08-23 17:00,29,优,None
1257,海口市,2014-08-23 17:00,13,优,None
1258,三亚市,2014-08-23 17:00,15,优,None
1259,重庆市,2014-08-23 17:00,44,优,None
1260,成都市,2014-08-23 17:00,55,良,O3
1261,自贡市,2014-08-23 17:00,55,良,PM10
1262,攀枝花市,2014-08-23 17:00,45,优,None
1263,泸州市,2014-08-23 17:00,46,优,None
1264,德阳市,2014-08-23 17:00,70,良,PM2.5
1265,绵阳市,2014-08-23 17:00,37,优,None
1266,南充市,2014-08-23 17:00,52,良,PM2.5
1267,宜宾市,2014-08-23 17:00,36,优,None
1268,贵阳市,2014-08-23 17:00,34,优,None
1269,遵义市,2014-08-23 17:00,31,优,None
1270,昆明市,2014-08-23 17:00,31,优,None
1271,曲靖市,2014-08-23 17:00,28,优,None
1272,玉溪市,2014-08-23 17:00,12,优,None
1273,拉萨市,2014-08-23 17:00,40,优,None
1274,西安市,2014-08-23 17:00,58,良,PM10
1275,铜川市,2014-08-23 17:00,60,良,PM10
1276,宝鸡市,2014-08-23 17:00,82,良,PM10
1277,咸阳市,2014-08-23 17:00,53,良,PM10
1278,渭南市,2014-08-23 17:00,73,良,PM10
1279,延安市,2014-08-23 17:00,47,优,None
1280,兰州市,2014-08-23 17:00,86,良,PM10
1281,嘉峪关市,2014-08-23 17:00,48,优,None
1282,金昌市,2014-08-23 17:00,34,优,None
1283,西宁市,2014-08-23 17:00,47,优,None
1284,银川市,2014-08-23 17:00,51,良,PM10
1285,石嘴山市,2014-08-23 17:00,64,良,PM10
1286,乌鲁木齐市,2014-08-23 17:00,54,良,PM10
1287,克拉玛依市,2014-08-23 17:00,45,优,None
1288,库尔勒市,2014-08-23 17:00,57,良,PM10
1289,北京市,2014-08-23 16:00,152,中度污染,PM2.5
1290,天津市,2014-08-23 16:00,104,轻度污染,PM2.5
1291,石家庄市,2014-08-23 16:00,95,良,PM10
1292,唐山市,2014-08-23 16:00,92,良,PM2.5
1293,秦皇岛市,2014-08-23 16:00,82,良,PM2.5
1294,邯郸市,2014-08-23 16:00,206,重度污染,PM2.5
1295,邢台市,2014-08-23 16:00,155,中度污染,PM2.5
1296,保定市,2014-08-23 16:00,116,轻度污染,O3
1297,承德市,2014-08-23 16:00,74,良,PM10
1298,沧州市,2014-08-23 16:00,118,轻度污染,PM2.5
1299,廊坊市,2014-08-23 16:00,163,中度污染,PM2.5
1300,衡水市,2014-08-23 16:00,170,中度污染,PM2.5
1301,张家口市,2014-08-23 16:00,24,优,None
1302,太原市,2014-08-23 16:00,40,优,None
1303,大同市,2014-08-23 16:00,58,良,PM10
1304,阳泉市,2014-08-23 16:00,58,良,PM10
1305,长治市,2014-08-23 16:00,94,良,PM2.5
1306,临汾市,2014-08-23 16:00,108,轻度污染,PM2.5
1307,呼和浩特市,2014-08-23 16:00,34,优,None
1308,包头市,2014-08-23 16:00,35,优,None
1309,赤峰市,2014-08-23 16:00,51,良,PM10
1310,鄂尔多斯市,2014-08-23 16:00,24,优,None
1311,沈阳市,2014-08-23 16:00,54,良,PM10
1312,大连市,2014-08-23 16:00,103,轻度污染,PM2.5
1313,鞍山市,2014-08-23 16:00,46,优,None
1314,抚顺市,2014-08-23 16:00,48,优,None
1315,本溪市,2014-08-23 16:00,33,优,None
1316,丹东市,2014-08-23 16:00,48,优,None
1317,锦州市,2014-08-23 16:00,108,轻度污染,PM2.5
1318,营口市,2014-08-23 16:00,60,良,PM2.5
1319,盘锦市,2014-08-23 16:00,105,轻度污染,PM2.5
1320,葫芦岛市,2014-08-23 16:00,84,良,PM10,PM2.5
1321,长春市,2014-08-23 16:00,63,良,PM10
1322,吉林市,2014-08-23 16:00,44,优,None
1323,哈尔滨市,2014-08-23 16:00,42,优,None
1324,齐齐哈尔市,2014-08-23 16:00,27,优,None
1325,大庆市,2014-08-23 16:00,25,优,None
1326,牡丹江市,2014-08-23 16:00,49,优,None
1327,上海市,2014-08-23 16:00,63,良,PM2.5
1328,南京市,2014-08-23 16:00,68,良,PM2.5
1329,无锡市,2014-08-23 16:00,92,良,PM2.5,O3
1330,徐州市,2014-08-23 16:00,58,良,PM10
1331,常州市,2014-08-23 16:00,52,良,PM10,PM2.5
1332,苏州市,2014-08-23 16:00,78,良,O3
1333,南通市,2014-08-23 16:00,95,良,O3
1334,连云港市,2014-08-23 16:00,80,良,PM2.5
1335,淮安市,2014-08-23 16:00,97,良,PM2.5
1336,盐城市,2014-08-23 16:00,82,良,PM2.5
1337,扬州市,2014-08-23 16:00,58,良,PM10
1338,镇江市,2014-08-23 16:00,81,良,PM10
1339,泰州市,2014-08-23 16:00,69,良,PM2.5
1340,宿迁市,2014-08-23 16:00,72,良,PM2.5
1341,杭州市,2014-08-23 16:00,53,良,PM10
1342,宁波市,2014-08-23 16:00,38,优,None
1343,温州市,2014-08-23 16:00,52,良,PM10
1344,嘉兴市,2014-08-23 16:00,65,良,PM2.5
1345,湖州市,2014-08-23 16:00,55,良,PM10,PM2.5
1346,金华市,2014-08-23 16:00,57,良,PM10
1347,衢州市,2014-08-23 16:00,47,优,None
1348,舟山市,2014-08-23 16:00,25,优,None
1349,台州市,2014-08-23 16:00,47,优,None
1350,丽水市,2014-08-23 16:00,43,优,None
1351,绍兴市,2014-08-23 16:00,62,良,PM2.5
1352,合肥市,2014-08-23 16:00,74,良,PM2.5
1353,芜湖市,2014-08-23 16:00,89,良,PM2.5
1354,马鞍山市,2014-08-23 16:00,59,良,PM2.5
1355,福州市,2014-08-23 16:00,87,良,PM10
1356,厦门市,2014-08-23 16:00,50,优,None
1357,泉州市,2014-08-23 16:00,59,良,PM2.5
1358,南昌市,2014-08-23 16:00,68,良,PM10
1359,九江市,2014-08-23 16:00,77,良,PM10
1360,济南市,2014-08-23 16:00,83,良,PM2.5
1361,青岛市,2014-08-23 16:00,66,良,PM10
1362,淄博市,2014-08-23 16:00,83,良,PM2.5
1363,枣庄市,2014-08-23 16:00,93,良,PM2.5
1364,东营市,2014-08-23 16:00,113,轻度污染,O3
1365,烟台市,2014-08-23 16:00,67,良,PM2.5
1366,潍坊市,2014-08-23 16:00,103,轻度污染,O3
1367,济宁市,2014-08-23 16:00,98,良,PM2.5
1368,泰安市,2014-08-23 16:00,82,良,PM2.5
1369,威海市,2014-08-23 16:00,61,良,PM10
1370,日照市,2014-08-23 16:00,99,良,PM2.5
1371,莱芜市,2014-08-23 16:00,80,良,PM2.5
1372,临沂市,2014-08-23 16:00,94,良,PM10
1373,德州市,2014-08-23 16:00,107,轻度污染,PM2.5
1374,聊城市,2014-08-23 16:00,120,轻度污染,PM2.5
1375,滨州市,2014-08-23 16:00,97,良,PM2.5
1376,菏泽市,2014-08-23 16:00,109,轻度污染,PM2.5
1377,郑州市,2014-08-23 16:00,67,良,PM10
1378,开封市,2014-08-23 16:00,99,良,PM10
1379,洛阳市,2014-08-23 16:00,41,优,None
1380,平顶山市,2014-08-23 16:00,52,良,PM10
1381,安阳市,2014-08-23 16:00,166,中度污染,PM2.5
1382,焦作市,2014-08-23 16:00,63,良,PM2.5
1383,三门峡市,2014-08-23 16:00,68,良,PM10
1384,武汉市,2014-08-23 16:00,67,良,PM2.5
1385,宜昌市,2014-08-23 16:00,114,轻度污染,PM2.5
1386,荆州市,2014-08-23 16:00,102,轻度污染,PM2.5
1387,长沙市,2014-08-23 16:00,59,良,PM2.5
1388,株洲市,2014-08-23 16:00,39,优,None
1389,湘潭市,2014-08-23 16:00,51,良,PM10
1390,岳阳市,2014-08-23 16:00,60,良,PM10
1391,常德市,2014-08-23 16:00,57,良,PM10
1392,张家界市,2014-08-23 16:00,50,优,None
1393,广州市,2014-08-23 16:00,50,优,None
1394,韶关市,2014-08-23 16:00,57,良,O3
1395,深圳市,2014-08-23 16:00,42,优,None
1396,珠海市,2014-08-23 16:00,31,优,None
1397,汕头市,2014-08-23 16:00,26,优,None
1398,佛山市,2014-08-23 16:00,39,优,None
1399,江门市,2014-08-23 16:00,18,优,None
1400,湛江市,2014-08-23 16:00,22,优,None
1401,茂名市,2014-08-23 16:00,17,优,None
1402,肇庆市,2014-08-23 16:00,26,优,None
1403,惠州市,2014-08-23 16:00,31,优,None
1404,梅州市,2014-08-23 16:00,25,优,None
1405,汕尾市,2014-08-23 16:00,21,优,None
1406,河源市,2014-08-23 16:00,34,优,None
1407,阳江市,2014-08-23 16:00,14,优,None
1408,清远市,2014-08-23 16:00,50,优,None
1409,东莞市,2014-08-23 16:00,50,优,None
1410,中山市,2014-08-23 16:00,23,优,None
1411,潮州市,2014-08-23 16:00,52,良,PM10
1412,揭阳市,2014-08-23 16:00,51,良,PM10
1413,云浮市,2014-08-23 16:00,28,优,None
1414,南宁市,2014-08-23 16:00,33,优,None
1415,柳州市,2014-08-23 16:00,35,优,None
1416,桂林市,2014-08-23 16:00,32,优,None
1417,北海市,2014-08-23 16:00,29,优,None
1418,海口市,2014-08-23 16:00,18,优,None
1419,三亚市,2014-08-23 16:00,16,优,None
1420,重庆市,2014-08-23 16:00,43,优,None
1421,成都市,2014-08-23 16:00,68,良,O3
1422,自贡市,2014-08-23 16:00,57,良,PM10,PM2.5
1423,攀枝花市,2014-08-23 16:00,38,优,None
1424,泸州市,2014-08-23 16:00,53,良,PM2.5
1425,德阳市,2014-08-23 16:00,72,良,PM2.5
1426,绵阳市,2014-08-23 16:00,38,优,None
1427,南充市,2014-08-23 16:00,53,良,PM2.5
1428,宜宾市,2014-08-23 16:00,34,优,None
1429,贵阳市,2014-08-23 16:00,29,优,None
1430,遵义市,2014-08-23 16:00,30,优,None
1431,昆明市,2014-08-23 16:00,41,优,None
1432,曲靖市,2014-08-23 16:00,28,优,None
1433,玉溪市,2014-08-23 16:00,20,优,None
1434,拉萨市,2014-08-23 16:00,40,优,None
1435,西安市,2014-08-23 16:00,55,良,PM10
1436,铜川市,2014-08-23 16:00,76,良,PM10
1437,宝鸡市,2014-08-23 16:00,63,良,PM10
1438,咸阳市,2014-08-23 16:00,56,良,PM10
1439,渭南市,2014-08-23 16:00,71,良,PM10
1440,延安市,2014-08-23 16:00,88,良,PM10
1441,兰州市,2014-08-23 16:00,45,优,None
1442,嘉峪关市,2014-08-23 16:00,55,良,PM10
1443,金昌市,2014-08-23 16:00,33,优,None
1444,西宁市,2014-08-23 16:00,39,优,None
1445,银川市,2014-08-23 16:00,54,良,PM10
1446,石嘴山市,2014-08-23 16:00,59,良,PM10
1447,乌鲁木齐市,2014-08-23 16:00,58,良,PM10
1448,克拉玛依市,2014-08-23 16:00,42,优,None
1449,库尔勒市,2014-08-23 16:00,60,良,PM10
1450,北京市,2014-08-23 15:00,138,轻度污染,PM2.5
1451,天津市,2014-08-23 15:00,115,轻度污染,PM2.5
1452,石家庄市,2014-08-23 15:00,64,良,PM2.5
1453,唐山市,2014-08-23 15:00,119,轻度污染,PM2.5
1454,秦皇岛市,2014-08-23 15:00,84,良,PM2.5
1455,邯郸市,2014-08-23 15:00,182,中度污染,PM2.5
1456,邢台市,2014-08-23 15:00,145,轻度污染,PM2.5
1457,保定市,2014-08-23 15:00,122,轻度污染,PM2.5
1458,承德市,2014-08-23 15:00,76,良,PM10
1459,沧州市,2014-08-23 15:00,102,轻度污染,PM10
1460,廊坊市,2014-08-23 15:00,159,中度污染,PM2.5
1461,衡水市,2014-08-23 15:00,178,中度污染,PM2.5
1462,张家口市,2014-08-23 15:00,29,优,None
1463,太原市,2014-08-23 15:00,32,优,None
1464,大同市,2014-08-23 15:00,63,良,PM10
1465,阳泉市,2014-08-23 15:00,73,良,PM2.5
1466,长治市,2014-08-23 15:00,100,良,PM2.5
1467,临汾市,2014-08-23 15:00,114,轻度污染,PM2.5
1468,呼和浩特市,2014-08-23 15:00,36,优,None
1469,包头市,2014-08-23 15:00,39,优,None
1470,赤峰市,2014-08-23 15:00,55,良,PM10
1471,鄂尔多斯市,2014-08-23 15:00,27,优,None
1472,沈阳市,2014-08-23 15:00,53,良,PM2.5
1473,大连市,2014-08-23 15:00,103,轻度污染,PM2.5
1474,鞍山市,2014-08-23 15:00,45,优,None
1475,抚顺市,2014-08-23 15:00,48,优,None
1476,本溪市,2014-08-23 15:00,53,良,PM10
1477,丹东市,2014-08-23 15:00,57,良,PM2.5
1478,锦州市,2014-08-23 15:00,100,良,PM2.5
1479,营口市,2014-08-23 15:00,63,良,PM2.5
1480,盘锦市,2014-08-23 15:00,103,轻度污染,PM2.5
1481,葫芦岛市,2014-08-23 15:00,90,良,PM2.5
1482,长春市,2014-08-23 15:00,60,良,PM10
1483,吉林市,2014-08-23 15:00,46,优,None
1484,哈尔滨市,2014-08-23 15:00,29,优,None
1485,齐齐哈尔市,2014-08-23 15:00,27,优,None
1486,大庆市,2014-08-23 15:00,25,优,None
1487,牡丹江市,2014-08-23 15:00,51,良,PM10
1488,上海市,2014-08-23 15:00,63,良,PM2.5
1489,南京市,2014-08-23 15:00,65,良,PM2.5
1490,无锡市,2014-08-23 15:00,100,良,O3
1491,徐州市,2014-08-23 15:00,60,良,PM10
1492,常州市,2014-08-23 15:00,54,良,PM10
1493,苏州市,2014-08-23 15:00,110,轻度污染,PM2.5
1494,南通市,2014-08-23 15:00,97,良,O3
1495,连云港市,2014-08-23 15:00,74,良,PM2.5
1496,淮安市,2014-08-23 15:00,98,良,PM2.5
1497,盐城市,2014-08-23 15:00,82,良,PM2.5
1498,扬州市,2014-08-23 15:00,87,良,PM2.5
1499,镇江市,2014-08-23 15:00,95,良,PM10
1500,泰州市,2014-08-23 15:00,93,良,PM2.5
1501,宿迁市,2014-08-23 15:00,80,良,PM2.5
1502,杭州市,2014-08-23 15:00,61,良,PM10
1503,宁波市,2014-08-23 15:00,40,优,None
1504,温州市,2014-08-23 15:00,54,良,PM10
1505,嘉兴市,2014-08-23 15:00,69,良,O3
1506,湖州市,2014-08-23 15:00,65,良,PM10
1507,金华市,2014-08-23 15:00,67,良,PM2.5
1508,衢州市,2014-08-23 15:00,49,优,None
1509,舟山市,2014-08-23 15:00,28,优,None
1510,台州市,2014-08-23 15:00,46,优,None
1511,丽水市,2014-08-23 15:00,48,优,None
1512,绍兴市,2014-08-23 15:00,59,良,O3
1513,合肥市,2014-08-23 15:00,80,良,PM10
1514,芜湖市,2014-08-23 15:00,72,良,PM2.5
1515,马鞍山市,2014-08-23 15:00,61,良,PM10
1516,福州市,2014-08-23 15:00,78,良,PM10
1517,厦门市,2014-08-23 15:00,48,优,None
1518,泉州市,2014-08-23 15:00,63,良,PM2.5
1519,南昌市,2014-08-23 15:00,64,良,PM10
1520,九江市,2014-08-23 15:00,62,良,PM10
1521,济南市,2014-08-23 15:00,82,良,PM2.5
1522,青岛市,2014-08-23 15:00,66,良,PM10
1523,淄博市,2014-08-23 15:00,84,良,O3
1524,枣庄市,2014-08-23 15:00,95,良,PM2.5
1525,东营市,2014-08-23 15:00,115,轻度污染,O3
1526,烟台市,2014-08-23 15:00,64,良,PM2.5
1527,潍坊市,2014-08-23 15:00,104,轻度污染,O3
1528,济宁市,2014-08-23 15:00,99,良,PM2.5
1529,泰安市,2014-08-23 15:00,89,良,PM2.5
1530,威海市,2014-08-23 15:00,None,None,None
1531,日照市,2014-08-23 15:00,90,良,PM2.5
1532,莱芜市,2014-08-23 15:00,74,良,PM2.5
1533,临沂市,2014-08-23 15:00,141,轻度污染,PM10
1534,德州市,2014-08-23 15:00,112,轻度污染,PM2.5
1535,聊城市,2014-08-23 15:00,117,轻度污染,PM2.5
1536,滨州市,2014-08-23 15:00,119,轻度污染,PM2.5
1537,菏泽市,2014-08-23 15:00,117,轻度污染,PM2.5
1538,郑州市,2014-08-23 15:00,71,良,PM10
1539,开封市,2014-08-23 15:00,94,良,PM10
1540,洛阳市,2014-08-23 15:00,50,优,None
1541,平顶山市,2014-08-23 15:00,58,良,PM10
1542,安阳市,2014-08-23 15:00,163,中度污染,PM2.5
1543,焦作市,2014-08-23 15:00,67,良,PM2.5
1544,三门峡市,2014-08-23 15:00,69,良,PM10
1545,武汉市,2014-08-23 15:00,70,良,PM2.5
1546,宜昌市,2014-08-23 15:00,144,轻度污染,PM2.5
1547,荆州市,2014-08-23 15:00,102,轻度污染,PM2.5
1548,长沙市,2014-08-23 15:00,58,良,PM2.5
1549,株洲市,2014-08-23 15:00,33,优,None
1550,湘潭市,2014-08-23 15:00,48,优,None
1551,岳阳市,2014-08-23 15:00,58,良,PM10
1552,常德市,2014-08-23 15:00,50,优,None
1553,张家界市,2014-08-23 15:00,39,优,None
1554,广州市,2014-08-23 15:00,47,优,None
1555,韶关市,2014-08-23 15:00,53,良,O3
1556,深圳市,2014-08-23 15:00,47,优,None
1557,珠海市,2014-08-23 15:00,19,优,None
1558,汕头市,2014-08-23 15:00,23,优,None
1559,佛山市,2014-08-23 15:00,39,优,None
1560,江门市,2014-08-23 15:00,22,优,None
1561,湛江市,2014-08-23 15:00,16,优,None
1562,茂名市,2014-08-23 15:00,18,优,None
1563,肇庆市,2014-08-23 15:00,25,优,None
1564,惠州市,2014-08-23 15:00,30,优,None
1565,梅州市,2014-08-23 15:00,25,优,None
1566,汕尾市,2014-08-23 15:00,19,优,None
1567,河源市,2014-08-23 15:00,36,优,None
1568,阳江市,2014-08-23 15:00,17,优,None
1569,清远市,2014-08-23 15:00,38,优,None
1570,东莞市,2014-08-23 15:00,69,良,O3
1571,中山市,2014-08-23 15:00,22,优,None
1572,潮州市,2014-08-23 15:00,35,优,None
1573,揭阳市,2014-08-23 15:00,41,优,None
1574,云浮市,2014-08-23 15:00,25,优,None
1575,南宁市,2014-08-23 15:00,29,优,None
1576,柳州市,2014-08-23 15:00,40,优,None
1577,桂林市,2014-08-23 15:00,20,优,None
1578,北海市,2014-08-23 15:00,32,优,None
1579,海口市,2014-08-23 15:00,24,优,None
1580,三亚市,2014-08-23 15:00,17,优,None
1581,重庆市,2014-08-23 15:00,37,优,None
1582,成都市,2014-08-23 15:00,77,良,O3
1583,自贡市,2014-08-23 15:00,57,良,PM10,PM2.5
1584,攀枝花市,2014-08-23 15:00,52,良,PM10
1585,泸州市,2014-08-23 15:00,57,良,PM2.5
1586,德阳市,2014-08-23 15:00,43,优,None
1587,绵阳市,2014-08-23 15:00,37,优,None
1588,南充市,2014-08-23 15:00,49,优,None
1589,宜宾市,2014-08-23 15:00,36,优,None
1590,贵阳市,2014-08-23 15:00,26,优,None
1591,遵义市,2014-08-23 15:00,33,优,None
1592,昆明市,2014-08-23 15:00,30,优,None
1593,曲靖市,2014-08-23 15:00,25,优,None
1594,玉溪市,2014-08-23 15:00,15,优,None
1595,拉萨市,2014-08-23 15:00,38,优,None
1596,西安市,2014-08-23 15:00,60,良,PM10
1597,铜川市,2014-08-23 15:00,60,良,PM10
1598,宝鸡市,2014-08-23 15:00,59,良,PM10
1599,咸阳市,2014-08-23 15:00,57,良,PM10
1600,渭南市,2014-08-23 15:00,63,良,PM10
1601,延安市,2014-08-23 15:00,62,良,PM10
1602,兰州市,2014-08-23 15:00,44,优,None
1603,嘉峪关市,2014-08-23 15:00,65,良,PM10
1604,金昌市,2014-08-23 15:00,34,优,None
1605,西宁市,2014-08-23 15:00,51,良,PM10
1606,银川市,2014-08-23 15:00,45,优,None
1607,石嘴山市,2014-08-23 15:00,63,良,PM10
1608,乌鲁木齐市,2014-08-23 15:00,52,良,PM10
1609,克拉玛依市,2014-08-23 15:00,42,优,None
1610,库尔勒市,2014-08-23 15:00,71,良,PM10
1611,北京市,2014-08-23 14:00,145,轻度污染,PM2.5
1612,天津市,2014-08-23 14:00,123,轻度污染,PM2.5
1613,石家庄市,2014-08-23 14:00,81,良,PM10
1614,唐山市,2014-08-23 14:00,109,轻度污染,PM2.5
1615,秦皇岛市,2014-08-23 14:00,92,良,PM2.5
1616,邯郸市,2014-08-23 14:00,152,中度污染,PM2.5
1617,邢台市,2014-08-23 14:00,148,轻度污染,PM2.5
1618,保定市,2014-08-23 14:00,127,轻度污染,PM2.5
1619,承德市,2014-08-23 14:00,84,良,PM2.5
1620,沧州市,2014-08-23 14:00,112,轻度污染,PM10
1621,廊坊市,2014-08-23 14:00,163,中度污染,PM2.5
1622,衡水市,2014-08-23 14:00,159,中度污染,PM2.5
1623,张家口市,2014-08-23 14:00,33,优,None
1624,太原市,2014-08-23 14:00,36,优,None
1625,大同市,2014-08-23 14:00,65,良,PM2.5
1626,阳泉市,2014-08-23 14:00,80,良,PM2.5
1627,长治市,2014-08-23 14:00,104,轻度污染,PM2.5
1628,临汾市,2014-08-23 14:00,117,轻度污染,PM2.5
1629,呼和浩特市,2014-08-23 14:00,47,优,None
1630,包头市,2014-08-23 14:00,39,优,None
1631,赤峰市,2014-08-23 14:00,60,良,PM10
1632,鄂尔多斯市,2014-08-23 14:00,26,优,None
1633,沈阳市,2014-08-23 14:00,57,良,PM2.5
1634,大连市,2014-08-23 14:00,107,轻度污染,PM2.5
1635,鞍山市,2014-08-23 14:00,43,优,None
1636,抚顺市,2014-08-23 14:00,50,优,None
1637,本溪市,2014-08-23 14:00,49,优,None
1638,丹东市,2014-08-23 14:00,54,良,PM2.5
1639,锦州市,2014-08-23 14:00,107,轻度污染,PM2.5
1640,营口市,2014-08-23 14:00,57,良,PM2.5
1641,盘锦市,2014-08-23 14:00,95,良,PM2.5
1642,葫芦岛市,2014-08-23 14:00,121,轻度污染,PM10
1643,长春市,2014-08-23 14:00,55,良,PM10
1644,吉林市,2014-08-23 14:00,46,优,None
1645,哈尔滨市,2014-08-23 14:00,31,优,None
1646,齐齐哈尔市,2014-08-23 14:00,27,优,None
1647,大庆市,2014-08-23 14:00,26,优,None
1648,牡丹江市,2014-08-23 14:00,40,优,None
1649,上海市,2014-08-23 14:00,69,良,PM2.5
1650,南京市,2014-08-23 14:00,67,良,PM2.5
1651,无锡市,2014-08-23 14:00,98,良,O3
1652,徐州市,2014-08-23 14:00,64,良,PM10
1653,常州市,2014-08-23 14:00,53,良,PM2.5
1654,苏州市,2014-08-23 14:00,94,良,PM2.5
1655,南通市,2014-08-23 14:00,59,良,O3
1656,连云港市,2014-08-23 14:00,74,良,PM2.5
1657,淮安市,2014-08-23 14:00,97,良,PM2.5
1658,盐城市,2014-08-23 14:00,83,良,PM2.5
1659,扬州市,2014-08-23 14:00,89,良,PM2.5
1660,镇江市,2014-08-23 14:00,93,良,PM2.5
1661,泰州市,2014-08-23 14:00,99,良,PM2.5
1662,宿迁市,2014-08-23 14:00,80,良,PM2.5
1663,杭州市,2014-08-23 14:00,58,良,PM10,PM2.5
1664,宁波市,2014-08-23 14:00,40,优,None
1665,温州市,2014-08-23 14:00,59,良,PM10
1666,嘉兴市,2014-08-23 14:00,110,轻度污染,O3
1667,湖州市,2014-08-23 14:00,60,良,PM2.5
1668,金华市,2014-08-23 14:00,53,良,PM2.5
1669,衢州市,2014-08-23 14:00,47,优,None
1670,舟山市,2014-08-23 14:00,36,优,None
1671,台州市,2014-08-23 14:00,50,优,None
1672,丽水市,2014-08-23 14:00,52,良,PM2.5
1673,绍兴市,2014-08-23 14:00,48,优,None
1674,合肥市,2014-08-23 14:00,75,良,PM2.5
1675,芜湖市,2014-08-23 14:00,77,良,PM2.5
1676,马鞍山市,2014-08-23 14:00,64,良,PM2.5
1677,福州市,2014-08-23 14:00,59,良,PM10
1678,厦门市,2014-08-23 14:00,43,优,None
1679,泉州市,2014-08-23 14:00,72,良,PM2.5
1680,南昌市,2014-08-23 14:00,68,良,PM10
1681,九江市,2014-08-23 14:00,54,良,PM10
1682,济南市,2014-08-23 14:00,77,良,PM2.5
1683,青岛市,2014-08-23 14:00,68,良,PM10
1684,淄博市,2014-08-23 14:00,85,良,PM2.5
1685,枣庄市,2014-08-23 14:00,88,良,PM10,PM2.5
1686,东营市,2014-08-23 14:00,108,轻度污染,O3
1687,烟台市,2014-08-23 14:00,62,良,PM2.5
1688,潍坊市,2014-08-23 14:00,103,轻度污染,O3
1689,济宁市,2014-08-23 14:00,95,良,PM2.5
1690,泰安市,2014-08-23 14:00,90,良,PM2.5
1691,威海市,2014-08-23 14:00,68,良,PM2.5
1692,日照市,2014-08-23 14:00,84,良,PM2.5
1693,莱芜市,2014-08-23 14:00,78,良,PM2.5
1694,临沂市,2014-08-23 14:00,168,中度污染,PM10
1695,德州市,2014-08-23 14:00,107,轻度污染,PM2.5
1696,聊城市,2014-08-23 14:00,110,轻度污染,PM2.5
1697,滨州市,2014-08-23 14:00,118,轻度污染,PM2.5
1698,菏泽市,2014-08-23 14:00,110,轻度污染,PM2.5
1699,郑州市,2014-08-23 14:00,66,良,PM10
1700,开封市,2014-08-23 14:00,85,良,PM10
1701,洛阳市,2014-08-23 14:00,47,优,None
1702,平顶山市,2014-08-23 14:00,54,良,PM10
1703,安阳市,2014-08-23 14:00,160,中度污染,PM2.5
1704,焦作市,2014-08-23 14:00,68,良,PM2.5
1705,三门峡市,2014-08-23 14:00,82,良,PM10
1706,武汉市,2014-08-23 14:00,74,良,PM2.5
1707,宜昌市,2014-08-23 14:00,148,轻度污染,PM2.5
1708,荆州市,2014-08-23 14:00,102,轻度污染,PM2.5
1709,长沙市,2014-08-23 14:00,58,良,PM2.5
1710,株洲市,2014-08-23 14:00,33,优,None
1711,湘潭市,2014-08-23 14:00,50,优,None
1712,岳阳市,2014-08-23 14:00,57,良,PM10
1713,常德市,2014-08-23 14:00,57,良,PM2.5
1714,张家界市,2014-08-23 14:00,51,良,PM10
1715,广州市,2014-08-23 14:00,47,优,None
1716,韶关市,2014-08-23 14:00,47,优,None
1717,深圳市,2014-08-23 14:00,67,良,PM10
1718,珠海市,2014-08-23 14:00,18,优,None
1719,汕头市,2014-08-23 14:00,31,优,None
1720,佛山市,2014-08-23 14:00,42,优,None
1721,江门市,2014-08-23 14:00,38,优,None
1722,湛江市,2014-08-23 14:00,21,优,None
1723,茂名市,2014-08-23 14:00,20,优,None
1724,肇庆市,2014-08-23 14:00,25,优,None
1725,惠州市,2014-08-23 14:00,32,优,None
1726,梅州市,2014-08-23 14:00,27,优,None
1727,汕尾市,2014-08-23 14:00,18,优,None
1728,河源市,2014-08-23 14:00,34,优,None
1729,阳江市,2014-08-23 14:00,17,优,None
1730,清远市,2014-08-23 14:00,46,优,None
1731,东莞市,2014-08-23 14:00,47,优,None
1732,中山市,2014-08-23 14:00,33,优,None
1733,潮州市,2014-08-23 14:00,52,良,PM10
1734,揭阳市,2014-08-23 14:00,29,优,None
1735,云浮市,2014-08-23 14:00,22,优,None
1736,南宁市,2014-08-23 14:00,26,优,None
1737,柳州市,2014-08-23 14:00,36,优,None
1738,桂林市,2014-08-23 14:00,29,优,None
1739,北海市,2014-08-23 14:00,30,优,None
1740,海口市,2014-08-23 14:00,25,优,None
1741,三亚市,2014-08-23 14:00,18,优,None
1742,重庆市,2014-08-23 14:00,33,优,None
1743,成都市,2014-08-23 14:00,52,良,O3
1744,自贡市,2014-08-23 14:00,59,良,PM10,PM2.5
1745,攀枝花市,2014-08-23 14:00,55,良,PM10
1746,泸州市,2014-08-23 14:00,53,良,PM2.5
1747,德阳市,2014-08-23 14:00,37,优,None
1748,绵阳市,2014-08-23 14:00,36,优,None
1749,南充市,2014-08-23 14:00,54,良,PM2.5
1750,宜宾市,2014-08-23 14:00,38,优,None
1751,贵阳市,2014-08-23 14:00,23,优,None
1752,遵义市,2014-08-23 14:00,40,优,None
1753,昆明市,2014-08-23 14:00,26,优,None
1754,曲靖市,2014-08-23 14:00,26,优,None
1755,玉溪市,2014-08-23 14:00,15,优,None
1756,拉萨市,2014-08-23 14:00,38,优,None
1757,西安市,2014-08-23 14:00,65,良,PM10
1758,铜川市,2014-08-23 14:00,52,良,PM10
1759,宝鸡市,2014-08-23 14:00,58,良,PM10
1760,咸阳市,2014-08-23 14:00,65,良,PM10
1761,渭南市,2014-08-23 14:00,69,良,PM10
1762,延安市,2014-08-23 14:00,58,良,PM10
1763,兰州市,2014-08-23 14:00,51,良,PM10
1764,嘉峪关市,2014-08-23 14:00,49,优,None
1765,金昌市,2014-08-23 14:00,33,优,None
1766,西宁市,2014-08-23 14:00,56,良,PM10
1767,银川市,2014-08-23 14:00,52,良,PM10
1768,石嘴山市,2014-08-23 14:00,54,良,PM10
1769,乌鲁木齐市,2014-08-23 14:00,57,良,PM10
1770,克拉玛依市,2014-08-23 14:00,48,优,None
1771,库尔勒市,2014-08-23 14:00,61,良,PM10
1772,北京市,2014-08-23 13:00,169,中度污染,PM2.5
1773,天津市,2014-08-23 13:00,123,轻度污染,PM2.5
1774,石家庄市,2014-08-23 13:00,124,轻度污染,PM2.5
1775,唐山市,2014-08-23 13:00,117,轻度污染,PM2.5
1776,秦皇岛市,2014-08-23 13:00,105,轻度污染,PM2.5
1777,邯郸市,2014-08-23 13:00,150,轻度污染,PM2.5
1778,邢台市,2014-08-23 13:00,155,中度污染,PM2.5
1779,保定市,2014-08-23 13:00,130,轻度污染,PM2.5
1780,承德市,2014-08-23 13:00,93,良,PM2.5
1781,沧州市,2014-08-23 13:00,119,轻度污染,PM2.5
1782,廊坊市,2014-08-23 13:00,165,中度污染,PM2.5
1783,衡水市,2014-08-23 13:00,155,中度污染,PM2.5
1784,张家口市,2014-08-23 13:00,35,优,None
1785,太原市,2014-08-23 13:00,44,优,None
1786,大同市,2014-08-23 13:00,64,良,PM10
1787,阳泉市,2014-08-23 13:00,100,良,PM2.5
1788,长治市,2014-08-23 13:00,114,轻度污染,PM2.5
1789,临汾市,2014-08-23 13:00,108,轻度污染,PM2.5
1790,呼和浩特市,2014-08-23 13:00,47,优,None
1791,包头市,2014-08-23 13:00,48,优,None
1792,赤峰市,2014-08-23 13:00,59,良,PM10
1793,鄂尔多斯市,2014-08-23 13:00,35,优,None
1794,沈阳市,2014-08-23 13:00,57,良,PM10
1795,大连市,2014-08-23 13:00,109,轻度污染,PM2.5
1796,鞍山市,2014-08-23 13:00,42,优,None
1797,抚顺市,2014-08-23 13:00,76,良,PM10
1798,本溪市,2014-08-23 13:00,58,良,PM2.5
1799,丹东市,2014-08-23 13:00,64,良,PM2.5
1800,锦州市,2014-08-23 13:00,95,良,PM2.5
1801,营口市,2014-08-23 13:00,46,优,None
1802,盘锦市,2014-08-23 13:00,84,良,PM2.5
1803,葫芦岛市,2014-08-23 13:00,104,轻度污染,PM10
1804,长春市,2014-08-23 13:00,54,良,PM10
1805,吉林市,2014-08-23 13:00,45,优,None
1806,哈尔滨市,2014-08-23 13:00,32,优,None
1807,齐齐哈尔市,2014-08-23 13:00,26,优,None
1808,大庆市,2014-08-23 13:00,27,优,None
1809,牡丹江市,2014-08-23 13:00,47,优,None
1810,上海市,2014-08-23 13:00,67,良,PM2.5
1811,南京市,2014-08-23 13:00,75,良,PM2.5
1812,无锡市,2014-08-23 13:00,84,良,PM2.5
1813,徐州市,2014-08-23 13:00,69,良,PM10
1814,常州市,2014-08-23 13:00,68,良,PM2.5
1815,苏州市,2014-08-23 13:00,85,良,PM2.5
1816,南通市,2014-08-23 13:00,68,良,PM10
1817,连云港市,2014-08-23 13:00,79,良,PM2.5
1818,淮安市,2014-08-23 13:00,94,良,PM2.5
1819,盐城市,2014-08-23 13:00,86,良,PM10
1820,扬州市,2014-08-23 13:00,97,良,PM2.5
1821,镇江市,2014-08-23 13:00,97,良,PM2.5
1822,泰州市,2014-08-23 13:00,98,良,PM2.5
1823,宿迁市,2014-08-23 13:00,78,良,PM2.5
1824,杭州市,2014-08-23 13:00,59,良,PM10
1825,宁波市,2014-08-23 13:00,45,优,None
1826,温州市,2014-08-23 13:00,75,良,PM2.5
1827,嘉兴市,2014-08-23 13:00,113,轻度污染,O3
1828,湖州市,2014-08-23 13:00,57,良,PM2.5
1829,金华市,2014-08-23 13:00,57,良,PM10
1830,衢州市,2014-08-23 13:00,49,优,None
1831,舟山市,2014-08-23 13:00,47,优,None
1832,台州市,2014-08-23 13:00,52,良,PM2.5
1833,丽水市,2014-08-23 13:00,57,良,PM2.5
1834,绍兴市,2014-08-23 13:00,42,优,None
1835,合肥市,2014-08-23 13:00,77,良,PM2.5
1836,芜湖市,2014-08-23 13:00,78,良,PM2.5
1837,马鞍山市,2014-08-23 13:00,73,良,PM2.5
1838,福州市,2014-08-23 13:00,68,良,PM10
1839,厦门市,2014-08-23 13:00,62,良,PM2.5
1840,泉州市,2014-08-23 13:00,87,良,PM2.5
1841,南昌市,2014-08-23 13:00,69,良,PM10
1842,九江市,2014-08-23 13:00,60,良,PM10
1843,济南市,2014-08-23 13:00,78,良,PM2.5
1844,青岛市,2014-08-23 13:00,75,良,PM10
1845,淄博市,2014-08-23 13:00,83,良,PM2.5
1846,枣庄市,2014-08-23 13:00,103,轻度污染,PM10
1847,东营市,2014-08-23 13:00,108,轻度污染,PM2.5
1848,烟台市,2014-08-23 13:00,65,良,PM2.5
1849,潍坊市,2014-08-23 13:00,103,轻度污染,PM2.5,O3
1850,济宁市,2014-08-23 13:00,99,良,PM2.5
1851,泰安市,2014-08-23 13:00,88,良,PM2.5
1852,威海市,2014-08-23 13:00,65,良,PM2.5
1853,日照市,2014-08-23 13:00,85,良,PM2.5
1854,莱芜市,2014-08-23 13:00,75,良,PM2.5
1855,临沂市,2014-08-23 13:00,212,重度污染,PM10
1856,德州市,2014-08-23 13:00,102,轻度污染,PM2.5
1857,聊城市,2014-08-23 13:00,95,良,PM2.5
1858,滨州市,2014-08-23 13:00,110,轻度污染,PM2.5
1859,菏泽市,2014-08-23 13:00,109,轻度污染,PM2.5
1860,郑州市,2014-08-23 13:00,67,良,PM10
1861,开封市,2014-08-23 13:00,76,良,PM10
1862,洛阳市,2014-08-23 13:00,45,优,None
1863,平顶山市,2014-08-23 13:00,63,良,PM10
1864,安阳市,2014-08-23 13:00,170,中度污染,PM2.5
1865,焦作市,2014-08-23 13:00,77,良,PM2.5
1866,三门峡市,2014-08-23 13:00,82,良,PM2.5
1867,武汉市,2014-08-23 13:00,77,良,PM2.5,O3
1868,宜昌市,2014-08-23 13:00,139,轻度污染,PM2.5
1869,荆州市,2014-08-23 13:00,104,轻度污染,PM2.5
1870,长沙市,2014-08-23 13:00,59,良,PM2.5
1871,株洲市,2014-08-23 13:00,38,优,None
1872,湘潭市,2014-08-23 13:00,52,良,PM10
1873,岳阳市,2014-08-23 13:00,55,良,PM10
1874,常德市,2014-08-23 13:00,62,良,PM2.5
1875,张家界市,2014-08-23 13:00,53,良,PM10
1876,广州市,2014-08-23 13:00,46,优,None
1877,韶关市,2014-08-23 13:00,47,优,None
1878,深圳市,2014-08-23 13:00,52,良,PM10
1879,珠海市,2014-08-23 13:00,19,优,None
1880,汕头市,2014-08-23 13:00,43,优,None
1881,佛山市,2014-08-23 13:00,42,优,None
1882,江门市,2014-08-23 13:00,41,优,None
1883,湛江市,2014-08-23 13:00,28,优,None
1884,茂名市,2014-08-23 13:00,27,优,None
1885,肇庆市,2014-08-23 13:00,33,优,None
1886,惠州市,2014-08-23 13:00,35,优,None
1887,梅州市,2014-08-23 13:00,30,优,None
1888,汕尾市,2014-08-23 13:00,17,优,None
1889,河源市,2014-08-23 13:00,31,优,None
1890,阳江市,2014-08-23 13:00,15,优,None
1891,清远市,2014-08-23 13:00,42,优,None
1892,东莞市,2014-08-23 13:00,51,良,PM10
1893,中山市,2014-08-23 13:00,32,优,None
1894,潮州市,2014-08-23 13:00,52,良,PM10
1895,揭阳市,2014-08-23 13:00,28,优,None
1896,云浮市,2014-08-23 13:00,21,优,None
1897,南宁市,2014-08-23 13:00,32,优,None
1898,柳州市,2014-08-23 13:00,37,优,None
1899,桂林市,2014-08-23 13:00,29,优,None
1900,北海市,2014-08-23 13:00,30,优,None
1901,海口市,2014-08-23 13:00,28,优,None
1902,三亚市,2014-08-23 13:00,18,优,None
1903,重庆市,2014-08-23 13:00,37,优,None
1904,成都市,2014-08-23 13:00,42,优,None
1905,自贡市,2014-08-23 13:00,55,良,PM10,PM2.5
1906,攀枝花市,2014-08-23 13:00,58,良,PM10
1907,泸州市,2014-08-23 13:00,50,优,None
1908,德阳市,2014-08-23 13:00,47,优,None
1909,绵阳市,2014-08-23 13:00,39,优,None
1910,南充市,2014-08-23 13:00,50,优,None
1911,宜宾市,2014-08-23 13:00,43,优,None
1912,贵阳市,2014-08-23 13:00,20,优,None
1913,遵义市,2014-08-23 13:00,31,优,None
1914,昆明市,2014-08-23 13:00,40,优,None
1915,曲靖市,2014-08-23 13:00,28,优,None
1916,玉溪市,2014-08-23 13:00,20,优,None
1917,拉萨市,2014-08-23 13:00,37,优,None
1918,西安市,2014-08-23 13:00,74,良,PM10
1919,铜川市,2014-08-23 13:00,55,良,PM10
1920,宝鸡市,2014-08-23 13:00,62,良,PM10
1921,咸阳市,2014-08-23 13:00,77,良,PM10
1922,渭南市,2014-08-23 13:00,78,良,PM10
1923,延安市,2014-08-23 13:00,62,良,PM10
1924,兰州市,2014-08-23 13:00,58,良,PM10
1925,嘉峪关市,2014-08-23 13:00,53,良,SO2
1926,金昌市,2014-08-23 13:00,35,优,None
1927,西宁市,2014-08-23 13:00,65,良,PM2.5
1928,银川市,2014-08-23 13:00,55,良,PM10
1929,石嘴山市,2014-08-23 13:00,63,良,PM10
1930,乌鲁木齐市,2014-08-23 13:00,62,良,PM10
1931,克拉玛依市,2014-08-23 13:00,48,优,None
1932,库尔勒市,2014-08-23 13:00,71,良,PM10
1933,北京市,2014-08-23 12:00,178,中度污染,PM2.5
1934,天津市,2014-08-23 12:00,133,轻度污染,PM2.5
1935,石家庄市,2014-08-23 12:00,138,轻度污染,PM2.5
1936,唐山市,2014-08-23 12:00,140,轻度污染,PM2.5
1937,秦皇岛市,2014-08-23 12:00,122,轻度污染,PM2.5
1938,邯郸市,2014-08-23 12:00,158,中度污染,PM2.5
1939,邢台市,2014-08-23 12:00,143,轻度污染,PM2.5
1940,保定市,2014-08-23 12:00,144,轻度污染,PM2.5
1941,承德市,2014-08-23 12:00,108,轻度污染,PM2.5
1942,沧州市,2014-08-23 12:00,144,轻度污染,PM2.5
1943,廊坊市,2014-08-23 12:00,176,中度污染,PM2.5
1944,衡水市,2014-08-23 12:00,156,中度污染,PM2.5
1945,张家口市,2014-08-23 12:00,38,优,None
1946,太原市,2014-08-23 12:00,53,良,PM10
1947,大同市,2014-08-23 12:00,66,良,PM10
1948,阳泉市,2014-08-23 12:00,127,轻度污染,PM2.5
1949,长治市,2014-08-23 12:00,123,轻度污染,PM2.5
1950,临汾市,2014-08-23 12:00,97,良,PM2.5
1951,呼和浩特市,2014-08-23 12:00,42,优,None
1952,包头市,2014-08-23 12:00,48,优,None
1953,赤峰市,2014-08-23 12:00,59,良,PM10
1954,鄂尔多斯市,2014-08-23 12:00,37,优,None
1955,沈阳市,2014-08-23 12:00,75,良,PM10
1956,大连市,2014-08-23 12:00,107,轻度污染,PM2.5
1957,鞍山市,2014-08-23 12:00,43,优,None
1958,抚顺市,2014-08-23 12:00,111,轻度污染,PM10
1959,本溪市,2014-08-23 12:00,53,良,PM10
1960,丹东市,2014-08-23 12:00,78,良,PM2.5
1961,锦州市,2014-08-23 12:00,88,良,PM2.5
1962,营口市,2014-08-23 12:00,41,优,None
1963,盘锦市,2014-08-23 12:00,74,良,PM2.5
1964,葫芦岛市,2014-08-23 12:00,114,轻度污染,PM10
1965,长春市,2014-08-23 12:00,55,良,PM10,PM2.5
1966,吉林市,2014-08-23 12:00,42,优,None
1967,哈尔滨市,2014-08-23 12:00,58,良,PM10
1968,齐齐哈尔市,2014-08-23 12:00,30,优,None
1969,大庆市,2014-08-23 12:00,26,优,None
1970,牡丹江市,2014-08-23 12:00,57,良,PM10
1971,上海市,2014-08-23 12:00,68,良,PM2.5
1972,南京市,2014-08-23 12:00,87,良,PM2.5
1973,无锡市,2014-08-23 12:00,79,良,PM2.5
1974,徐州市,2014-08-23 12:00,73,良,PM10
1975,常州市,2014-08-23 12:00,78,良,PM2.5
1976,苏州市,2014-08-23 12:00,84,良,PM2.5
1977,南通市,2014-08-23 12:00,82,良,PM2.5
1978,连云港市,2014-08-23 12:00,74,良,PM2.5
1979,淮安市,2014-08-23 12:00,118,轻度污染,PM2.5
1980,盐城市,2014-08-23 12:00,84,良,PM10
1981,扬州市,2014-08-23 12:00,92,良,PM2.5
1982,镇江市,2014-08-23 12:00,99,良,PM2.5
1983,泰州市,2014-08-23 12:00,99,良,PM2.5
1984,宿迁市,2014-08-23 12:00,90,良,PM2.5
1985,杭州市,2014-08-23 12:00,71,良,PM10
1986,宁波市,2014-08-23 12:00,46,优,None
1987,温州市,2014-08-23 12:00,79,良,PM2.5
1988,嘉兴市,2014-08-23 12:00,112,轻度污染,PM2.5
1989,湖州市,2014-08-23 12:00,64,良,PM10
1990,金华市,2014-08-23 12:00,60,良,PM10,PM2.5
1991,衢州市,2014-08-23 12:00,52,良,PM10
1992,舟山市,2014-08-23 12:00,52,良,PM10
1993,台州市,2014-08-23 12:00,53,良,PM2.5
1994,丽水市,2014-08-23 12:00,58,良,PM10
1995,绍兴市,2014-08-23 12:00,40,优,None
1996,合肥市,2014-08-23 12:00,82,良,PM2.5
1997,芜湖市,2014-08-23 12:00,77,良,PM2.5
1998,马鞍山市,2014-08-23 12:00,74,良,PM2.5
1999,福州市,2014-08-23 12:00,73,良,PM10
2000,厦门市,2014-08-23 12:00,69,良,PM2.5
2001,泉州市,2014-08-23 12:00,102,轻度污染,PM10
2002,南昌市,2014-08-23 12:00,78,良,PM10
2003,九江市,2014-08-23 12:00,59,良,PM10
2004,济南市,2014-08-23 12:00,83,良,PM2.5
2005,青岛市,2014-08-23 12:00,68,良,PM10
2006,淄博市,2014-08-23 12:00,90,良,PM10
2007,枣庄市,2014-08-23 12:00,124,轻度污染,PM10
2008,东营市,2014-08-23 12:00,123,轻度污染,PM2.5
2009,烟台市,2014-08-23 12:00,68,良,PM2.5
2010,潍坊市,2014-08-23 12:00,125,轻度污染,PM2.5
2011,济宁市,2014-08-23 12:00,117,轻度污染,PM2.5
2012,泰安市,2014-08-23 12:00,92,良,PM2.5
2013,威海市,2014-08-23 12:00,67,良,PM2.5
2014,日照市,2014-08-23 12:00,85,良,PM10
2015,莱芜市,2014-08-23 12:00,84,良,PM2.5
2016,临沂市,2014-08-23 12:00,218,重度污染,PM10
2017,德州市,2014-08-23 12:00,122,轻度污染,PM2.5
2018,聊城市,2014-08-23 12:00,90,良,PM2.5
2019,滨州市,2014-08-23 12:00,97,良,PM2.5
2020,菏泽市,2014-08-23 12:00,107,轻度污染,PM2.5
2021,郑州市,2014-08-23 12:00,66,良,PM10
2022,开封市,2014-08-23 12:00,74,良,PM10
2023,洛阳市,2014-08-23 12:00,52,良,PM10
2024,平顶山市,2014-08-23 12:00,55,良,PM10
2025,安阳市,2014-08-23 12:00,166,中度污染,PM2.5
2026,焦作市,2014-08-23 12:00,82,良,PM2.5
2027,三门峡市,2014-08-23 12:00,84,良,PM2.5
2028,武汉市,2014-08-23 12:00,85,良,PM2.5
2029,宜昌市,2014-08-23 12:00,140,轻度污染,PM2.5
2030,荆州市,2014-08-23 12:00,108,轻度污染,PM2.5
2031,长沙市,2014-08-23 12:00,62,良,PM2.5
2032,株洲市,2014-08-23 12:00,51,良,PM10
2033,湘潭市,2014-08-23 12:00,49,优,None
2034,岳阳市,2014-08-23 12:00,57,良,PM10
2035,常德市,2014-08-23 12:00,83,良,PM2.5
2036,张家界市,2014-08-23 12:00,77,良,PM2.5
2037,广州市,2014-08-23 12:00,54,良,PM2.5
2038,韶关市,2014-08-23 12:00,54,良,PM2.5
2039,深圳市,2014-08-23 12:00,54,良,PM10
2040,珠海市,2014-08-23 12:00,30,优,None
2041,汕头市,2014-08-23 12:00,45,优,None
2042,佛山市,2014-08-23 12:00,40,优,None
2043,江门市,2014-08-23 12:00,33,优,None
2044,湛江市,2014-08-23 12:00,29,优,None
2045,茂名市,2014-08-23 12:00,30,优,None
2046,肇庆市,2014-08-23 12:00,37,优,None
2047,惠州市,2014-08-23 12:00,31,优,None
2048,梅州市,2014-08-23 12:00,31,优,None
2049,汕尾市,2014-08-23 12:00,16,优,None
2050,河源市,2014-08-23 12:00,28,优,None
2051,阳江市,2014-08-23 12:00,19,优,None
2052,清远市,2014-08-23 12:00,50,优,None
2053,东莞市,2014-08-23 12:00,41,优,None
2054,中山市,2014-08-23 12:00,33,优,None
2055,潮州市,2014-08-23 12:00,56,良,PM10
2056,揭阳市,2014-08-23 12:00,38,优,None
2057,云浮市,2014-08-23 12:00,19,优,None
2058,南宁市,2014-08-23 12:00,40,优,None
2059,柳州市,2014-08-23 12:00,39,优,None
2060,桂林市,2014-08-23 12:00,38,优,None
2061,北海市,2014-08-23 12:00,26,优,None
2062,海口市,2014-08-23 12:00,23,优,None
2063,三亚市,2014-08-23 12:00,17,优,None
2064,重庆市,2014-08-23 12:00,35,优,None
2065,成都市,2014-08-23 12:00,36,优,None
2066,自贡市,2014-08-23 12:00,57,良,PM10,PM2.5
2067,攀枝花市,2014-08-23 12:00,56,良,PM10
2068,泸州市,2014-08-23 12:00,54,良,PM2.5
2069,德阳市,2014-08-23 12:00,43,优,None
2070,绵阳市,2014-08-23 12:00,45,优,None
2071,南充市,2014-08-23 12:00,59,良,PM2.5
2072,宜宾市,2014-08-23 12:00,43,优,None
2073,贵阳市,2014-08-23 12:00,19,优,None
2074,遵义市,2014-08-23 12:00,37,优,None
2075,昆明市,2014-08-23 12:00,37,优,None
2076,曲靖市,2014-08-23 12:00,29,优,None
2077,玉溪市,2014-08-23 12:00,24,优,None
2078,拉萨市,2014-08-23 12:00,36,优,None
2079,西安市,2014-08-23 12:00,75,良,PM10
2080,铜川市,2014-08-23 12:00,61,良,PM10
2081,宝鸡市,2014-08-23 12:00,60,良,PM10
2082,咸阳市,2014-08-23 12:00,97,良,PM10
2083,渭南市,2014-08-23 12:00,97,良,PM2.5
2084,延安市,2014-08-23 12:00,61,良,PM10
2085,兰州市,2014-08-23 12:00,65,良,PM2.5
2086,嘉峪关市,2014-08-23 12:00,44,优,None
2087,金昌市,2014-08-23 12:00,35,优,None
2088,西宁市,2014-08-23 12:00,87,良,PM2.5
2089,银川市,2014-08-23 12:00,58,良,PM10
2090,石嘴山市,2014-08-23 12:00,63,良,PM10
2091,乌鲁木齐市,2014-08-23 12:00,91,良,PM10
2092,克拉玛依市,2014-08-23 12:00,52,良,PM10
2093,库尔勒市,2014-08-23 12:00,139,轻度污染,PM2.5
2094,北京市,2014-08-23 11:00,178,中度污染,PM2.5
2095,天津市,2014-08-23 11:00,140,轻度污染,PM2.5
2096,石家庄市,2014-08-23 11:00,124,轻度污染,PM2.5
2097,唐山市,2014-08-23 11:00,137,轻度污染,PM2.5
2098,秦皇岛市,2014-08-23 11:00,117,轻度污染,PM10
2099,邯郸市,2014-08-23 11:00,158,中度污染,PM2.5
2100,邢台市,2014-08-23 11:00,148,轻度污染,PM2.5
2161,厦门市,2014-08-23 11:00,89,良,PM2.5
2162,泉州市,2014-08-23 11:00,73,良,PM2.5
2163,南昌市,2014-08-23 11:00,93,良,PM10
2164,九江市,2014-08-23 11:00,70,良,PM10
2165,济南市,2014-08-23 11:00,88,良,PM2.5
2166,青岛市,2014-08-23 11:00,64,良,PM10
2167,淄博市,2014-08-23 11:00,98,良,PM2.5
2168,枣庄市,2014-08-23 11:00,131,轻度污染,PM10
2169,东营市,2014-08-23 11:00,143,轻度污染,PM2.5
2170,烟台市,2014-08-23 11:00,80,良,PM2.5
2171,潍坊市,2014-08-23 11:00,143,轻度污染,PM2.5
2172,济宁市,2014-08-23 11:00,122,轻度污染,PM2.5
2173,泰安市,2014-08-23 11:00,98,良,PM2.5
2174,威海市,2014-08-23 11:00,70,良,PM2.5
2175,日照市,2014-08-23 11:00,90,良,PM10
2176,莱芜市,2014-08-23 11:00,107,轻度污染,PM2.5
2177,临沂市,2014-08-23 11:00,243,重度污染,PM10
2178,德州市,2014-08-23 11:00,127,轻度污染,PM2.5
2179,聊城市,2014-08-23 11:00,100,良,PM2.5
2180,滨州市,2014-08-23 11:00,74,良,PM2.5
2181,菏泽市,2014-08-23 11:00,102,轻度污染,PM2.5
2182,郑州市,2014-08-23 11:00,62,良,PM10
2183,开封市,2014-08-23 11:00,80,良,PM10
2184,洛阳市,2014-08-23 11:00,54,良,PM10
2185,平顶山市,2014-08-23 11:00,55,良,PM10
2186,安阳市,2014-08-23 11:00,144,轻度污染,PM2.5
2187,焦作市,2014-08-23 11:00,84,良,PM2.5
2188,三门峡市,2014-08-23 11:00,80,良,PM10
2189,武汉市,2014-08-23 11:00,88,良,PM2.5
2190,宜昌市,2014-08-23 11:00,133,轻度污染,PM2.5
2191,荆州市,2014-08-23 11:00,114,轻度污染,PM2.5
2192,长沙市,2014-08-23 11:00,63,良,PM2.5
2193,株洲市,2014-08-23 11:00,54,良,PM10
2194,湘潭市,2014-08-23 11:00,55,良,PM2.5
2195,岳阳市,2014-08-23 11:00,58,良,PM10
2196,常德市,2014-08-23 11:00,107,轻度污染,PM2.5
2197,张家界市,2014-08-23 11:00,82,良,PM2.5
2198,广州市,2014-08-23 11:00,48,优,None
2199,韶关市,2014-08-23 11:00,59,良,PM10
2200,深圳市,2014-08-23 11:00,35,优,None
2201,珠海市,2014-08-23 11:00,33,优,None
2202,汕头市,2014-08-23 11:00,51,良,PM10
2203,佛山市,2014-08-23 11:00,40,优,None
2204,江门市,2014-08-23 11:00,28,优,None
2205,湛江市,2014-08-23 11:00,27,优,None
2206,茂名市,2014-08-23 11:00,38,优,None
2207,肇庆市,2014-08-23 11:00,41,优,None
2208,惠州市,2014-08-23 11:00,37,优,None
2209,梅州市,2014-08-23 11:00,32,优,None
2210,汕尾市,2014-08-23 11:00,14,优,None
2211,河源市,2014-08-23 11:00,22,优,None
2212,阳江市,2014-08-23 11:00,37,优,None
2213,清远市,2014-08-23 11:00,60,良,PM2.5
2214,东莞市,2014-08-23 11:00,38,优,None
2215,中山市,2014-08-23 11:00,41,优,None
2216,潮州市,2014-08-23 11:00,52,良,PM10
2217,揭阳市,2014-08-23 11:00,44,优,None
2218,云浮市,2014-08-23 11:00,26,优,None
2219,南宁市,2014-08-23 11:00,48,优,None
2220,柳州市,2014-08-23 11:00,43,优,None
2221,桂林市,2014-08-23 11:00,45,优,None
2222,北海市,2014-08-23 11:00,24,优,None
2223,海口市,2014-08-23 11:00,19,优,None
2224,三亚市,2014-08-23 11:00,26,优,None
2225,重庆市,2014-08-23 11:00,35,优,None
2226,成都市,2014-08-23 11:00,40,优,None
2227,自贡市,2014-08-23 11:00,64,良,PM2.5
2228,攀枝花市,2014-08-23 11:00,73,良,PM10
2229,泸州市,2014-08-23 11:00,50,优,None
2230,德阳市,2014-08-23 11:00,46,优,None
2231,绵阳市,2014-08-23 11:00,49,优,None
2232,南充市,2014-08-23 11:00,62,良,PM2.5
2233,宜宾市,2014-08-23 11:00,42,优,None
2234,贵阳市,2014-08-23 11:00,19,优,None
2235,遵义市,2014-08-23 11:00,33,优,None
2236,昆明市,2014-08-23 11:00,33,优,None
2237,曲靖市,2014-08-23 11:00,32,优,None
2238,玉溪市,2014-08-23 11:00,28,优,None
2239,拉萨市,2014-08-23 11:00,30,优,None
2240,西安市,2014-08-23 11:00,81,良,PM10
2241,铜川市,2014-08-23 11:00,58,良,PM10,PM2.5
2242,宝鸡市,2014-08-23 11:00,64,良,PM10
2243,咸阳市,2014-08-23 11:00,101,轻度污染,PM10
2244,渭南市,2014-08-23 11:00,106,轻度污染,PM10
2245,延安市,2014-08-23 11:00,69,良,PM10
2246,兰州市,2014-08-23 11:00,84,良,PM2.5
2247,嘉峪关市,2014-08-23 11:00,60,良,PM10
2248,金昌市,2014-08-23 11:00,60,良,PM10,PM2.5
2249,西宁市,2014-08-23 11:00,108,轻度污染,PM2.5
2250,银川市,2014-08-23 11:00,69,良,PM10
2251,石嘴山市,2014-08-23 11:00,47,优,None
2252,乌鲁木齐市,2014-08-23 11:00,134,轻度污染,PM10
2253,克拉玛依市,2014-08-23 11:00,63,良,PM10
2254,库尔勒市,2014-08-23 11:00,101,轻度污染,PM10
2255,北京市,2014-08-23 10:00,166,中度污染,PM2.5
2256,天津市,2014-08-23 10:00,145,轻度污染,PM2.5
2257,石家庄市,2014-08-23 10:00,119,轻度污染,PM2.5
2258,唐山市,2014-08-23 10:00,153,中度污染,PM2.5
2259,秦皇岛市,2014-08-23 10:00,125,轻度污染,PM2.5
2260,邯郸市,2014-08-23 10:00,153,中度污染,PM2.5
2261,邢台市,2014-08-23 10:00,104,轻度污染,PM2.5
2262,保定市,2014-08-23 10:00,140,轻度污染,PM2.5
2263,承德市,2014-08-23 10:00,87,良,PM10
2264,沧州市,2014-08-23 10:00,153,中度污染,PM2.5
2265,廊坊市,2014-08-23 10:00,190,中度污染,PM2.5
2266,衡水市,2014-08-23 10:00,155,中度污染,PM2.5
2267,张家口市,2014-08-23 10:00,34,优,None
2268,太原市,2014-08-23 10:00,63,良,PM10
2269,大同市,2014-08-23 10:00,82,良,PM2.5
2270,阳泉市,2014-08-23 10:00,144,轻度污染,PM2.5
2271,长治市,2014-08-23 10:00,128,轻度污染,PM2.5
2272,临汾市,2014-08-23 10:00,87,良,PM2.5
2273,呼和浩特市,2014-08-23 10:00,58,良,PM10
2274,包头市,2014-08-23 10:00,57,良,PM10
2275,赤峰市,2014-08-23 10:00,60,良,PM10
2276,鄂尔多斯市,2014-08-23 10:00,51,良,PM10
2277,沈阳市,2014-08-23 10:00,143,轻度污染,PM2.5
2278,大连市,2014-08-23 10:00,98,良,PM2.5
2279,鞍山市,2014-08-23 10:00,40,优,None
2280,抚顺市,2014-08-23 10:00,128,轻度污染,PM2.5
2281,本溪市,2014-08-23 10:00,133,轻度污染,PM2.5
2282,丹东市,2014-08-23 10:00,85,良,PM2.5
2283,锦州市,2014-08-23 10:00,69,良,PM10
2284,营口市,2014-08-23 10:00,33,优,None
2285,盘锦市,2014-08-23 10:00,57,良,PM2.5
2286,葫芦岛市,2014-08-23 10:00,104,轻度污染,PM10
2287,长春市,2014-08-23 10:00,59,良,PM10
2288,吉林市,2014-08-23 10:00,59,良,PM10
2289,哈尔滨市,2014-08-23 10:00,60,良,PM10
2290,齐齐哈尔市,2014-08-23 10:00,39,优,None
2291,大庆市,2014-08-23 10:00,26,优,None
2292,牡丹江市,2014-08-23 10:00,58,良,PM10
2293,上海市,2014-08-23 10:00,70,良,PM2.5
2294,南京市,2014-08-23 10:00,94,良,PM2.5
2295,无锡市,2014-08-23 10:00,74,良,PM2.5
2296,徐州市,2014-08-23 10:00,84,良,PM2.5
2297,常州市,2014-08-23 10:00,82,良,PM2.5
2298,苏州市,2014-08-23 10:00,90,良,PM2.5
2299,南通市,2014-08-23 10:00,89,良,PM2.5
2300,连云港市,2014-08-23 10:00,72,良,PM2.5
2301,淮安市,2014-08-23 10:00,120,轻度污染,PM2.5
2302,盐城市,2014-08-23 10:00,110,轻度污染,PM2.5
2303,扬州市,2014-08-23 10:00,87,良,PM2.5
2304,镇江市,2014-08-23 10:00,94,良,PM2.5
2305,泰州市,2014-08-23 10:00,108,轻度污染,PM2.5
2306,宿迁市,2014-08-23 10:00,127,轻度污染,PM2.5
2307,杭州市,2014-08-23 10:00,88,良,PM10
2308,宁波市,2014-08-23 10:00,38,优,None
2309,温州市,2014-08-23 10:00,74,良,PM2.5
2310,嘉兴市,2014-08-23 10:00,100,良,PM2.5
2311,湖州市,2014-08-23 10:00,98,良,PM2.5
2312,金华市,2014-08-23 10:00,59,良,PM10,PM2.5
2313,衢州市,2014-08-23 10:00,85,良,PM2.5
2314,舟山市,2014-08-23 10:00,47,优,None
2315,台州市,2014-08-23 10:00,51,良,PM10
2316,丽水市,2014-08-23 10:00,71,良,PM10
2317,绍兴市,2014-08-23 10:00,55,良,PM2.5
2318,合肥市,2014-08-23 10:00,102,轻度污染,PM2.5
2319,芜湖市,2014-08-23 10:00,94,良,PM2.5
2320,马鞍山市,2014-08-23 10:00,90,良,PM2.5
2321,福州市,2014-08-23 10:00,81,良,PM10
2322,厦门市,2014-08-23 10:00,68,良,PM2.5
2323,泉州市,2014-08-23 10:00,67,良,PM2.5
2324,南昌市,2014-08-23 10:00,102,轻度污染,PM10
2325,九江市,2014-08-23 10:00,78,良,PM10
2326,济南市,2014-08-23 10:00,87,良,PM2.5
2327,青岛市,2014-08-23 10:00,65,良,PM10
2328,淄博市,2014-08-23 10:00,96,良,PM10
2329,枣庄市,2014-08-23 10:00,127,轻度污染,PM2.5
2330,东营市,2014-08-23 10:00,163,中度污染,PM2.5
2331,烟台市,2014-08-23 10:00,92,良,PM2.5
2332,潍坊市,2014-08-23 10:00,144,轻度污染,PM2.5
2333,济宁市,2014-08-23 10:00,122,轻度污染,PM2.5
2334,泰安市,2014-08-23 10:00,105,轻度污染,PM10
2335,威海市,2014-08-23 10:00,66,良,PM10
2336,日照市,2014-08-23 10:00,97,良,PM2.5
2337,莱芜市,2014-08-23 10:00,130,轻度污染,PM2.5
2338,临沂市,2014-08-23 10:00,283,重度污染,PM10
2339,德州市,2014-08-23 10:00,142,轻度污染,PM2.5
2340,聊城市,2014-08-23 10:00,110,轻度污染,PM2.5
2341,滨州市,2014-08-23 10:00,65,良,PM2.5
2342,菏泽市,2014-08-23 10:00,103,轻度污染,PM2.5
2343,郑州市,2014-08-23 10:00,65,良,PM10
2344,开封市,2014-08-23 10:00,84,良,PM10
2345,洛阳市,2014-08-23 10:00,51,良,PM10
2346,平顶山市,2014-08-23 10:00,60,良,PM10
2347,安阳市,2014-08-23 10:00,107,轻度污染,PM2.5
2348,焦作市,2014-08-23 10:00,94,良,PM2.5
2349,三门峡市,2014-08-23 10:00,85,良,PM2.5
2350,武汉市,2014-08-23 10:00,93,良,PM2.5
2351,宜昌市,2014-08-23 10:00,130,轻度污染,PM2.5
2352,荆州市,2014-08-23 10:00,118,轻度污染,PM2.5
2353,长沙市,2014-08-23 10:00,68,良,PM10,PM2.5
2354,株洲市,2014-08-23 10:00,56,良,PM10
2355,湘潭市,2014-08-23 10:00,59,良,PM10
2356,岳阳市,2014-08-23 10:00,60,良,PM10
2357,常德市,2014-08-23 10:00,115,轻度污染,PM2.5
2358,张家界市,2014-08-23 10:00,74,良,PM2.5
2359,广州市,2014-08-23 10:00,46,优,None
2360,韶关市,2014-08-23 10:00,68,良,PM2.5
2361,深圳市,2014-08-23 10:00,33,优,None
2362,珠海市,2014-08-23 10:00,27,优,None
2363,汕头市,2014-08-23 10:00,52,良,PM10
2364,佛山市,2014-08-23 10:00,45,优,None
2365,江门市,2014-08-23 10:00,31,优,None
2366,湛江市,2014-08-23 10:00,45,优,None
2367,茂名市,2014-08-23 10:00,50,优,None
2368,肇庆市,2014-08-23 10:00,50,优,None
2369,惠州市,2014-08-23 10:00,39,优,None
2370,梅州市,2014-08-23 10:00,23,优,None
2371,汕尾市,2014-08-23 10:00,13,优,None
2372,河源市,2014-08-23 10:00,18,优,None
2373,阳江市,2014-08-23 10:00,43,优,None
2374,清远市,2014-08-23 10:00,83,良,PM2.5
2375,东莞市,2014-08-23 10:00,32,优,None
2376,中山市,2014-08-23 10:00,40,优,None
2377,潮州市,2014-08-23 10:00,54,良,PM10
2378,揭阳市,2014-08-23 10:00,43,优,None
2379,云浮市,2014-08-23 10:00,23,优,None
2380,南宁市,2014-08-23 10:00,52,良,PM10
2381,柳州市,2014-08-23 10:00,45,优,None
2382,桂林市,2014-08-23 10:00,55,良,PM10
2383,北海市,2014-08-23 10:00,27,优,None
2384,海口市,2014-08-23 10:00,26,优,None
2385,三亚市,2014-08-23 10:00,39,优,None
2386,重庆市,2014-08-23 10:00,29,优,None
2387,成都市,2014-08-23 10:00,55,良,PM2.5
2388,自贡市,2014-08-23 10:00,62,良,PM2.5
2389,攀枝花市,2014-08-23 10:00,72,良,PM10
2390,泸州市,2014-08-23 10:00,53,良,PM2.5
2391,德阳市,2014-08-23 10:00,69,良,PM2.5
2392,绵阳市,2014-08-23 10:00,53,良,PM2.5
2393,南充市,2014-08-23 10:00,48,优,None
2394,宜宾市,2014-08-23 10:00,48,优,None
2395,贵阳市,2014-08-23 10:00,20,优,None
2396,遵义市,2014-08-23 10:00,37,优,None
2397,昆明市,2014-08-23 10:00,38,优,None
2398,曲靖市,2014-08-23 10:00,34,优,None
2399,玉溪市,2014-08-23 10:00,39,优,None
2400,拉萨市,2014-08-23 10:00,25,优,None
2401,西安市,2014-08-23 10:00,81,良,PM10
2402,铜川市,2014-08-23 10:00,58,良,PM10
2403,宝鸡市,2014-08-23 10:00,70,良,PM10
2404,咸阳市,2014-08-23 10:00,100,良,PM10
2405,渭南市,2014-08-23 10:00,100,良,PM10
2406,延安市,2014-08-23 10:00,75,良,PM10
2407,兰州市,2014-08-23 10:00,103,轻度污染,PM2.5
2408,嘉峪关市,2014-08-23 10:00,48,优,None
2409,金昌市,2014-08-23 10:00,82,良,PM2.5
2410,西宁市,2014-08-23 10:00,172,中度污染,PM2.5
2411,银川市,2014-08-23 10:00,84,良,PM10
2412,石嘴山市,2014-08-23 10:00,56,良,PM10
2413,乌鲁木齐市,2014-08-23 10:00,146,轻度污染,PM10
2414,克拉玛依市,2014-08-23 10:00,66,良,PM10
2415,库尔勒市,2014-08-23 10:00,99,良,PM10
2416,北京市,2014-08-23 09:00,153,中度污染,PM2.5
2417,天津市,2014-08-23 09:00,149,轻度污染,PM2.5
2418,石家庄市,2014-08-23 09:00,128,轻度污染,PM2.5
2419,唐山市,2014-08-23 09:00,149,轻度污染,PM2.5
2420,秦皇岛市,2014-08-23 09:00,129,轻度污染,PM2.5
2421,邯郸市,2014-08-23 09:00,153,中度污染,PM2.5
2422,邢台市,2014-08-23 09:00,78,良,PM10
2423,保定市,2014-08-23 09:00,128,轻度污染,PM2.5
2424,承德市,2014-08-23 09:00,90,良,PM2.5
2425,沧州市,2014-08-23 09:00,138,轻度污染,PM2.5
2426,廊坊市,2014-08-23 09:00,186,中度污染,PM2.5
2427,衡水市,2014-08-23 09:00,163,中度污染,PM2.5
2428,张家口市,2014-08-23 09:00,43,优,None
2429,太原市,2014-08-23 09:00,66,良,PM10
2430,大同市,2014-08-23 09:00,79,良,PM2.5
2431,阳泉市,2014-08-23 09:00,133,轻度污染,PM2.5
2432,长治市,2014-08-23 09:00,123,轻度污染,PM2.5
2433,临汾市,2014-08-23 09:00,85,良,PM2.5
2434,呼和浩特市,2014-08-23 09:00,61,良,PM10
2435,包头市,2014-08-23 09:00,71,良,PM10
2436,赤峰市,2014-08-23 09:00,59,良,PM10
2437,鄂尔多斯市,2014-08-23 09:00,53,良,PM10
2438,沈阳市,2014-08-23 09:00,158,中度污染,PM2.5
2439,大连市,2014-08-23 09:00,95,良,PM2.5
2440,鞍山市,2014-08-23 09:00,98,良,PM2.5
2441,抚顺市,2014-08-23 09:00,128,轻度污染,PM2.5
2442,本溪市,2014-08-23 09:00,138,轻度污染,PM2.5
2443,丹东市,2014-08-23 09:00,70,良,PM2.5
2444,锦州市,2014-08-23 09:00,57,良,PM2.5
2445,营口市,2014-08-23 09:00,30,优,None
2446,盘锦市,2014-08-23 09:00,59,良,PM2.5
2447,葫芦岛市,2014-08-23 09:00,104,轻度污染,PM2.5
2448,长春市,2014-08-23 09:00,78,良,PM10
2449,吉林市,2014-08-23 09:00,57,良,PM10
2450,哈尔滨市,2014-08-23 09:00,70,良,PM2.5
2451,齐齐哈尔市,2014-08-23 09:00,43,优,None
2452,大庆市,2014-08-23 09:00,32,优,None
2453,牡丹江市,2014-08-23 09:00,52,良,PM10
2454,上海市,2014-08-23 09:00,65,良,PM2.5
2455,南京市,2014-08-23 09:00,85,良,PM2.5
2456,无锡市,2014-08-23 09:00,70,良,PM2.5
2457,徐州市,2014-08-23 09:00,88,良,PM2.5
2458,常州市,2014-08-23 09:00,82,良,PM2.5
2459,苏州市,2014-08-23 09:00,83,良,PM2.5
2460,南通市,2014-08-23 09:00,92,良,PM2.5
2461,连云港市,2014-08-23 09:00,72,良,PM2.5
2462,淮安市,2014-08-23 09:00,110,轻度污染,PM2.5
2463,盐城市,2014-08-23 09:00,109,轻度污染,PM2.5
2464,扬州市,2014-08-23 09:00,84,良,PM2.5
2465,镇江市,2014-08-23 09:00,92,良,PM10
2466,泰州市,2014-08-23 09:00,100,良,PM2.5
2467,宿迁市,2014-08-23 09:00,119,轻度污染,PM2.5
2468,杭州市,2014-08-23 09:00,94,良,PM2.5
2469,宁波市,2014-08-23 09:00,45,优,None
2470,温州市,2014-08-23 09:00,73,良,PM2.5
2471,嘉兴市,2014-08-23 09:00,102,轻度污染,PM2.5
2472,湖州市,2014-08-23 09:00,98,良,PM2.5
2473,金华市,2014-08-23 09:00,65,良,PM2.5
2474,衢州市,2014-08-23 09:00,79,良,PM2.5
2475,舟山市,2014-08-23 09:00,46,优,None
2476,台州市,2014-08-23 09:00,55,良,PM10
2477,丽水市,2014-08-23 09:00,65,良,PM10
2478,绍兴市,2014-08-23 09:00,63,良,PM2.5
2479,合肥市,2014-08-23 09:00,122,轻度污染,PM2.5
2480,芜湖市,2014-08-23 09:00,88,良,PM2.5
2481,马鞍山市,2014-08-23 09:00,93,良,PM2.5
2482,福州市,2014-08-23 09:00,78,良,PM10
2483,厦门市,2014-08-23 09:00,56,良,PM10
2484,泉州市,2014-08-23 09:00,72,良,PM10
2485,南昌市,2014-08-23 09:00,99,良,PM2.5
2486,九江市,2014-08-23 09:00,86,良,PM10
2487,济南市,2014-08-23 09:00,88,良,PM2.5
2488,青岛市,2014-08-23 09:00,57,良,PM10
2489,淄博市,2014-08-23 09:00,107,轻度污染,PM2.5
2490,枣庄市,2014-08-23 09:00,132,轻度污染,PM2.5
2491,东营市,2014-08-23 09:00,151,中度污染,PM10
2492,烟台市,2014-08-23 09:00,83,良,PM2.5
2493,潍坊市,2014-08-23 09:00,149,轻度污染,PM2.5
2494,济宁市,2014-08-23 09:00,127,轻度污染,PM2.5
2495,泰安市,2014-08-23 09:00,107,轻度污染,PM2.5
2496,威海市,2014-08-23 09:00,64,良,PM2.5
2497,日照市,2014-08-23 09:00,102,轻度污染,PM2.5
2498,莱芜市,2014-08-23 09:00,149,轻度污染,PM2.5
2499,临沂市,2014-08-23 09:00,266,重度污染,PM10
2500,德州市,2014-08-23 09:00,170,中度污染,PM2.5
2501,聊城市,2014-08-23 09:00,119,轻度污染,PM10
2502,滨州市,2014-08-23 09:00,90,良,PM2.5
2503,菏泽市,2014-08-23 09:00,100,良,PM2.5
2504,郑州市,2014-08-23 09:00,68,良,PM10
2505,开封市,2014-08-23 09:00,104,轻度污染,PM2.5
2506,洛阳市,2014-08-23 09:00,52,良,PM10,PM2.5
2507,平顶山市,2014-08-23 09:00,59,良,PM10
2508,安阳市,2014-08-23 09:00,84,良,PM2.5
2509,焦作市,2014-08-23 09:00,113,轻度污染,PM2.5
2510,三门峡市,2014-08-23 09:00,67,良,PM10
2511,武汉市,2014-08-23 09:00,104,轻度污染,PM2.5
2512,宜昌市,2014-08-23 09:00,127,轻度污染,PM2.5
2513,荆州市,2014-08-23 09:00,117,轻度污染,PM2.5
2514,长沙市,2014-08-23 09:00,73,良,PM2.5
2515,株洲市,2014-08-23 09:00,58,良,PM10
2516,湘潭市,2014-08-23 09:00,61,良,PM10
2517,岳阳市,2014-08-23 09:00,77,良,PM10
2518,常德市,2014-08-23 09:00,118,轻度污染,PM2.5
2519,张家界市,2014-08-23 09:00,66,良,PM10
2520,广州市,2014-08-23 09:00,54,良,PM10
2521,韶关市,2014-08-23 09:00,65,良,PM10,PM2.5
2522,深圳市,2014-08-23 09:00,51,良,PM10
2523,珠海市,2014-08-23 09:00,20,优,None
2524,汕头市,2014-08-23 09:00,47,优,None
2525,佛山市,2014-08-23 09:00,45,优,None
2526,江门市,2014-08-23 09:00,51,良,PM10
2527,湛江市,2014-08-23 09:00,34,优,None
2528,茂名市,2014-08-23 09:00,49,优,None
2529,肇庆市,2014-08-23 09:00,64,良,PM10
2530,惠州市,2014-08-23 09:00,41,优,None
2531,梅州市,2014-08-23 09:00,41,优,None
2532,汕尾市,2014-08-23 09:00,12,优,None
2533,河源市,2014-08-23 09:00,20,优,None
2534,阳江市,2014-08-23 09:00,42,优,None
2535,清远市,2014-08-23 09:00,94,良,PM2.5
2536,东莞市,2014-08-23 09:00,47,优,None
2537,中山市,2014-08-23 09:00,32,优,None
2538,潮州市,2014-08-23 09:00,57,良,PM10
2539,揭阳市,2014-08-23 09:00,45,优,None
2540,云浮市,2014-08-23 09:00,26,优,None
2541,南宁市,2014-08-23 09:00,60,良,PM10
2542,柳州市,2014-08-23 09:00,51,良,PM10
2543,桂林市,2014-08-23 09:00,53,良,PM10
2544,北海市,2014-08-23 09:00,30,优,None
2545,海口市,2014-08-23 09:00,29,优,None
2546,三亚市,2014-08-23 09:00,41,优,None
2547,重庆市,2014-08-23 09:00,27,优,None
2548,成都市,2014-08-23 09:00,57,良,PM2.5
2549,自贡市,2014-08-23 09:00,53,良,PM10
2550,攀枝花市,2014-08-23 09:00,70,良,PM10
2551,泸州市,2014-08-23 09:00,48,优,None
2552,德阳市,2014-08-23 09:00,74,良,PM2.5
2553,绵阳市,2014-08-23 09:00,52,良,PM2.5
2554,南充市,2014-08-23 09:00,50,优,None
2555,宜宾市,2014-08-23 09:00,48,优,None
2556,贵阳市,2014-08-23 09:00,18,优,None
2557,遵义市,2014-08-23 09:00,37,优,None
2558,昆明市,2014-08-23 09:00,46,优,None
2559,曲靖市,2014-08-23 09:00,33,优,None
2560,玉溪市,2014-08-23 09:00,56,良,PM10
2561,拉萨市,2014-08-23 09:00,22,优,None
2562,西安市,2014-08-23 09:00,79,良,PM10
2563,铜川市,2014-08-23 09:00,59,良,PM10
2564,宝鸡市,2014-08-23 09:00,71,良,PM10
2565,咸阳市,2014-08-23 09:00,80,良,PM10
2566,渭南市,2014-08-23 09:00,86,良,PM10
2567,延安市,2014-08-23 09:00,77,良,PM10
2568,兰州市,2014-08-23 09:00,109,轻度污染,PM2.5
2569,嘉峪关市,2014-08-23 09:00,46,优,None
2570,金昌市,2014-08-23 09:00,47,优,None
2571,西宁市,2014-08-23 09:00,143,轻度污染,PM2.5
2572,银川市,2014-08-23 09:00,80,良,PM10
2573,石嘴山市,2014-08-23 09:00,89,良,PM10
2574,乌鲁木齐市,2014-08-23 09:00,128,轻度污染,PM10
2575,克拉玛依市,2014-08-23 09:00,54,良,PM10
2576,库尔勒市,2014-08-23 09:00,96,良,PM10
2577,北京市,2014-08-23 08:00,130,轻度污染,PM2.5
2578,天津市,2014-08-23 08:00,143,轻度污染,PM2.5
2579,石家庄市,2014-08-23 08:00,115,轻度污染,PM10,PM2.5
2580,唐山市,2014-08-23 08:00,137,轻度污染,PM2.5
2581,秦皇岛市,2014-08-23 08:00,115,轻度污染,PM2.5
2582,邯郸市,2014-08-23 08:00,120,轻度污染,PM2.5
2583,邢台市,2014-08-23 08:00,72,良,PM10
2584,保定市,2014-08-23 08:00,122,轻度污染,PM2.5
2585,承德市,2014-08-23 08:00,92,良,PM2.5
2586,沧州市,2014-08-23 08:00,135,轻度污染,PM2.5
2587,廊坊市,2014-08-23 08:00,168,中度污染,PM2.5
2588,衡水市,2014-08-23 08:00,139,轻度污染,PM2.5
2589,张家口市,2014-08-23 08:00,46,优,None
2590,太原市,2014-08-23 08:00,72,良,PM10
2591,大同市,2014-08-23 08:00,78,良,PM2.5
2592,阳泉市,2014-08-23 08:00,124,轻度污染,PM10
2593,长治市,2014-08-23 08:00,113,轻度污染,PM2.5
2594,临汾市,2014-08-23 08:00,83,良,PM2.5
2595,呼和浩特市,2014-08-23 08:00,59,良,PM10
2596,包头市,2014-08-23 08:00,87,良,PM10
2597,赤峰市,2014-08-23 08:00,51,良,PM10
2598,鄂尔多斯市,2014-08-23 08:00,44,优,None
2599,沈阳市,2014-08-23 08:00,158,中度污染,PM2.5
2600,大连市,2014-08-23 08:00,99,良,PM2.5
2601,鞍山市,2014-08-23 08:00,145,轻度污染,PM2.5
2602,抚顺市,2014-08-23 08:00,90,良,PM2.5
2603,本溪市,2014-08-23 08:00,144,轻度污染,PM2.5
2604,丹东市,2014-08-23 08:00,70,良,PM2.5
2605,锦州市,2014-08-23 08:00,48,优,None
2606,营口市,2014-08-23 08:00,39,优,None
2607,盘锦市,2014-08-23 08:00,58,良,PM2.5
2608,葫芦岛市,2014-08-23 08:00,72,良,PM10
2609,长春市,2014-08-23 08:00,99,良,PM10
2610,吉林市,2014-08-23 08:00,60,良,PM10
2611,哈尔滨市,2014-08-23 08:00,78,良,PM10,PM2.5
2612,齐齐哈尔市,2014-08-23 08:00,54,良,PM10
2613,大庆市,2014-08-23 08:00,36,优,None
2614,牡丹江市,2014-08-23 08:00,54,良,PM10
2615,上海市,2014-08-23 08:00,67,良,PM2.5
2616,南京市,2014-08-23 08:00,79,良,PM2.5
2617,无锡市,2014-08-23 08:00,70,良,PM2.5
2618,徐州市,2014-08-23 08:00,85,良,PM2.5
2619,常州市,2014-08-23 08:00,75,良,PM2.5
2620,苏州市,2014-08-23 08:00,75,良,PM2.5
2621,南通市,2014-08-23 08:00,85,良,PM2.5
2622,连云港市,2014-08-23 08:00,69,良,PM2.5
2623,淮安市,2014-08-23 08:00,93,良,PM2.5
2624,盐城市,2014-08-23 08:00,99,良,PM2.5
2625,扬州市,2014-08-23 08:00,93,良,PM2.5
2626,镇江市,2014-08-23 08:00,99,良,PM10
2627,泰州市,2014-08-23 08:00,84,良,PM2.5
2628,宿迁市,2014-08-23 08:00,119,轻度污染,PM2.5
2629,杭州市,2014-08-23 08:00,95,良,PM2.5
2630,宁波市,2014-08-23 08:00,48,优,None
2631,温州市,2014-08-23 08:00,67,良,PM2.5
2632,嘉兴市,2014-08-23 08:00,88,良,PM2.5
2633,湖州市,2014-08-23 08:00,90,良,PM2.5
2634,金华市,2014-08-23 08:00,59,良,PM2.5
2635,衢州市,2014-08-23 08:00,67,良,PM2.5
2636,舟山市,2014-08-23 08:00,43,优,None
2637,台州市,2014-08-23 08:00,55,良,PM10
2638,丽水市,2014-08-23 08:00,63,良,PM10
2639,绍兴市,2014-08-23 08:00,64,良,PM2.5
2640,合肥市,2014-08-23 08:00,117,轻度污染,PM2.5
2641,芜湖市,2014-08-23 08:00,70,良,PM2.5
2642,马鞍山市,2014-08-23 08:00,99,良,PM10
2643,福州市,2014-08-23 08:00,69,良,PM10
2644,厦门市,2014-08-23 08:00,51,良,PM10
2645,泉州市,2014-08-23 08:00,115,轻度污染,PM10
2646,南昌市,2014-08-23 08:00,103,轻度污染,PM10
2647,九江市,2014-08-23 08:00,73,良,PM10
2648,济南市,2014-08-23 08:00,89,良,PM2.5
2649,青岛市,2014-08-23 08:00,53,良,PM10
2650,淄博市,2014-08-23 08:00,119,轻度污染,PM2.5
2651,枣庄市,2014-08-23 08:00,127,轻度污染,PM2.5
2652,东营市,2014-08-23 08:00,142,轻度污染,PM10
2653,烟台市,2014-08-23 08:00,88,良,PM2.5
2654,潍坊市,2014-08-23 08:00,139,轻度污染,PM2.5
2655,济宁市,2014-08-23 08:00,120,轻度污染,PM2.5
2656,泰安市,2014-08-23 08:00,108,轻度污染,PM2.5
2657,威海市,2014-08-23 08:00,70,良,PM2.5
2658,日照市,2014-08-23 08:00,94,良,PM2.5
2659,莱芜市,2014-08-23 08:00,145,轻度污染,PM2.5
2660,临沂市,2014-08-23 08:00,228,重度污染,PM10
2661,德州市,2014-08-23 08:00,183,中度污染,PM2.5
2662,聊城市,2014-08-23 08:00,112,轻度污染,PM2.5
2663,滨州市,2014-08-23 08:00,165,中度污染,PM2.5
2664,菏泽市,2014-08-23 08:00,90,良,PM2.5
2665,郑州市,2014-08-23 08:00,60,良,PM10
2666,开封市,2014-08-23 08:00,130,轻度污染,PM2.5
2667,洛阳市,2014-08-23 08:00,55,良,PM10
2668,平顶山市,2014-08-23 08:00,56,良,PM10
2669,安阳市,2014-08-23 08:00,74,良,PM2.5
2670,焦作市,2014-08-23 08:00,109,轻度污染,PM2.5
2671,三门峡市,2014-08-23 08:00,70,良,PM2.5
2672,武汉市,2014-08-23 08:00,112,轻度污染,PM2.5
2673,宜昌市,2014-08-23 08:00,119,轻度污染,PM2.5
2674,荆州市,2014-08-23 08:00,118,轻度污染,PM2.5
2675,长沙市,2014-08-23 08:00,75,良,PM2.5
2676,株洲市,2014-08-23 08:00,57,良,PM2.5
2677,湘潭市,2014-08-23 08:00,62,良,PM10,PM2.5
2678,岳阳市,2014-08-23 08:00,68,良,PM10
2679,常德市,2014-08-23 08:00,118,轻度污染,PM2.5
2680,张家界市,2014-08-23 08:00,58,良,PM10
2681,广州市,2014-08-23 08:00,52,良,PM10
2682,韶关市,2014-08-23 08:00,67,良,PM2.5
2683,深圳市,2014-08-23 08:00,52,良,PM10
2684,珠海市,2014-08-23 08:00,34,优,None
2685,汕头市,2014-08-23 08:00,49,优,None
2686,佛山市,2014-08-23 08:00,45,优,None
2687,江门市,2014-08-23 08:00,61,良,PM10
2688,湛江市,2014-08-23 08:00,39,优,None
2689,茂名市,2014-08-23 08:00,34,优,None
2690,肇庆市,2014-08-23 08:00,55,良,PM10
2691,惠州市,2014-08-23 08:00,39,优,None
2692,梅州市,2014-08-23 08:00,61,良,PM10
2693,汕尾市,2014-08-23 08:00,12,优,None
2694,河源市,2014-08-23 08:00,20,优,None
2695,阳江市,2014-08-23 08:00,49,优,None
2696,清远市,2014-08-23 08:00,90,良,PM2.5
2697,东莞市,2014-08-23 08:00,33,优,None
2698,中山市,2014-08-23 08:00,20,优,None
2699,潮州市,2014-08-23 08:00,70,良,PM2.5
2700,揭阳市,2014-08-23 08:00,49,优,None
2701,云浮市,2014-08-23 08:00,17,优,None
2702,南宁市,2014-08-23 08:00,63,良,PM10
2703,柳州市,2014-08-23 08:00,54,良,PM10
2704,桂林市,2014-08-23 08:00,52,良,PM10
2705,北海市,2014-08-23 08:00,32,优,None
2706,海口市,2014-08-23 08:00,23,优,None
2707,三亚市,2014-08-23 08:00,25,优,None
2708,重庆市,2014-08-23 08:00,25,优,None
2709,成都市,2014-08-23 08:00,57,良,PM2.5
2710,自贡市,2014-08-23 08:00,53,良,PM10
2711,攀枝花市,2014-08-23 08:00,61,良,PM10
2712,泸州市,2014-08-23 08:00,52,良,PM2.5
2713,德阳市,2014-08-23 08:00,74,良,PM2.5
2714,绵阳市,2014-08-23 08:00,50,优,None
2715,南充市,2014-08-23 08:00,52,良,PM2.5
2716,宜宾市,2014-08-23 08:00,49,优,None
2717,贵阳市,2014-08-23 08:00,14,优,None
2718,遵义市,2014-08-23 08:00,32,优,None
2719,昆明市,2014-08-23 08:00,36,优,None
2720,曲靖市,2014-08-23 08:00,29,优,None
2721,玉溪市,2014-08-23 08:00,50,优,None
2722,拉萨市,2014-08-23 08:00,22,优,None
2723,西安市,2014-08-23 08:00,76,良,PM10
2724,铜川市,2014-08-23 08:00,49,优,None
2725,宝鸡市,2014-08-23 08:00,69,良,PM10
2726,咸阳市,2014-08-23 08:00,76,良,PM10
2727,渭南市,2014-08-23 08:00,80,良,PM10
2728,延安市,2014-08-23 08:00,76,良,PM10
2729,兰州市,2014-08-23 08:00,102,轻度污染,PM10,PM2.5
2730,嘉峪关市,2014-08-23 08:00,39,优,None
2731,金昌市,2014-08-23 08:00,32,优,None
2732,西宁市,2014-08-23 08:00,98,良,PM2.5
2733,银川市,2014-08-23 08:00,63,良,PM10
2734,石嘴山市,2014-08-23 08:00,77,良,PM10
2735,乌鲁木齐市,2014-08-23 08:00,109,轻度污染,PM10
2736,克拉玛依市,2014-08-23 08:00,55,良,PM10
2737,库尔勒市,2014-08-23 08:00,78,良,PM10
2738,北京市,2014-08-23 07:00,119,轻度污染,PM2.5
2739,天津市,2014-08-23 07:00,143,轻度污染,PM2.5
2740,石家庄市,2014-08-23 07:00,120,轻度污染,PM2.5
2741,唐山市,2014-08-23 07:00,139,轻度污染,PM2.5
2742,秦皇岛市,2014-08-23 07:00,108,轻度污染,PM2.5
2743,邯郸市,2014-08-23 07:00,115,轻度污染,PM2.5
2744,邢台市,2014-08-23 07:00,114,轻度污染,PM2.5
2745,保定市,2014-08-23 07:00,145,轻度污染,PM2.5
2746,承德市,2014-08-23 07:00,87,良,PM2.5
2747,沧州市,2014-08-23 07:00,139,轻度污染,PM2.5
2748,廊坊市,2014-08-23 07:00,147,轻度污染,PM2.5
2749,衡水市,2014-08-23 07:00,145,轻度污染,PM2.5
2750,张家口市,2014-08-23 07:00,35,优,None
2751,太原市,2014-08-23 07:00,77,良,PM2.5
2752,大同市,2014-08-23 07:00,79,良,PM2.5
2753,阳泉市,2014-08-23 07:00,114,轻度污染,PM2.5
2754,长治市,2014-08-23 07:00,113,轻度污染,PM2.5
2755,临汾市,2014-08-23 07:00,83,良,PM2.5
2756,呼和浩特市,2014-08-23 07:00,53,良,PM10
2757,包头市,2014-08-23 07:00,91,良,PM10
2758,赤峰市,2014-08-23 07:00,52,良,PM10
2759,鄂尔多斯市,2014-08-23 07:00,43,优,None
2760,沈阳市,2014-08-23 07:00,158,中度污染,PM2.5
2761,大连市,2014-08-23 07:00,117,轻度污染,PM2.5
2762,鞍山市,2014-08-23 07:00,138,轻度污染,PM2.5
2763,抚顺市,2014-08-23 07:00,85,良,PM2.5
2764,本溪市,2014-08-23 07:00,150,轻度污染,PM2.5
2765,丹东市,2014-08-23 07:00,75,良,PM2.5
2766,锦州市,2014-08-23 07:00,45,优,None
2767,营口市,2014-08-23 07:00,65,良,PM2.5
2768,盘锦市,2014-08-23 07:00,60,良,PM10
2769,葫芦岛市,2014-08-23 07:00,83,良,PM10
2770,长春市,2014-08-23 07:00,111,轻度污染,PM10
2771,吉林市,2014-08-23 07:00,64,良,PM10
2772,哈尔滨市,2014-08-23 07:00,84,良,PM10
2773,齐齐哈尔市,2014-08-23 07:00,54,良,PM10
2774,大庆市,2014-08-23 07:00,31,优,None
2775,牡丹江市,2014-08-23 07:00,53,良,PM10
2776,上海市,2014-08-23 07:00,64,良,PM2.5
2777,南京市,2014-08-23 07:00,73,良,PM2.5
2778,无锡市,2014-08-23 07:00,65,良,PM10,PM2.5
2779,徐州市,2014-08-23 07:00,82,良,PM2.5
2780,常州市,2014-08-23 07:00,64,良,PM2.5
2781,苏州市,2014-08-23 07:00,75,良,PM2.5
2782,南通市,2014-08-23 07:00,75,良,PM2.5
2783,连云港市,2014-08-23 07:00,65,良,PM2.5
2784,淮安市,2014-08-23 07:00,77,良,PM2.5
2785,盐城市,2014-08-23 07:00,90,良,PM2.5
2786,扬州市,2014-08-23 07:00,92,良,PM2.5
2787,镇江市,2014-08-23 07:00,85,良,PM2.5
2788,泰州市,2014-08-23 07:00,73,良,PM2.5
2789,宿迁市,2014-08-23 07:00,110,轻度污染,PM2.5
2790,杭州市,2014-08-23 07:00,98,良,PM2.5
2791,宁波市,2014-08-23 07:00,49,优,None
2792,温州市,2014-08-23 07:00,62,良,PM10,PM2.5
2793,嘉兴市,2014-08-23 07:00,65,良,PM2.5
2794,湖州市,2014-08-23 07:00,78,良,PM2.5
2795,金华市,2014-08-23 07:00,46,优,None
2796,衢州市,2014-08-23 07:00,54,良,PM10,PM2.5
2797,舟山市,2014-08-23 07:00,41,优,None
2798,台州市,2014-08-23 07:00,53,良,PM10
2799,丽水市,2014-08-23 07:00,54,良,PM10
2800,绍兴市,2014-08-23 07:00,62,良,PM2.5
2801,合肥市,2014-08-23 07:00,114,轻度污染,PM2.5
2802,芜湖市,2014-08-23 07:00,68,良,PM2.5
2803,马鞍山市,2014-08-23 07:00,90,良,PM2.5
2804,福州市,2014-08-23 07:00,58,良,PM10
2805,厦门市,2014-08-23 07:00,37,优,None
2806,泉州市,2014-08-23 07:00,103,轻度污染,PM10
2807,南昌市,2014-08-23 07:00,96,良,PM10
2808,九江市,2014-08-23 07:00,73,良,PM10
2809,济南市,2014-08-23 07:00,89,良,PM2.5
2810,青岛市,2014-08-23 07:00,53,良,PM10
2811,淄博市,2014-08-23 07:00,123,轻度污染,PM2.5
2812,枣庄市,2014-08-23 07:00,118,轻度污染,PM2.5
2813,东营市,2014-08-23 07:00,142,轻度污染,PM2.5
2814,烟台市,2014-08-23 07:00,89,良,PM2.5
2815,潍坊市,2014-08-23 07:00,133,轻度污染,PM2.5
2816,济宁市,2014-08-23 07:00,113,轻度污染,PM2.5
2817,泰安市,2014-08-23 07:00,107,轻度污染,PM2.5
2818,威海市,2014-08-23 07:00,73,良,PM2.5
2819,日照市,2014-08-23 07:00,82,良,PM2.5
2820,莱芜市,2014-08-23 07:00,142,轻度污染,PM2.5
2821,临沂市,2014-08-23 07:00,262,重度污染,PM10
2822,德州市,2014-08-23 07:00,169,中度污染,PM2.5
2823,聊城市,2014-08-23 07:00,109,轻度污染,PM2.5
2824,滨州市,2014-08-23 07:00,186,中度污染,PM2.5
2825,菏泽市,2014-08-23 07:00,103,轻度污染,PM2.5
2826,郑州市,2014-08-23 07:00,75,良,PM2.5
2827,开封市,2014-08-23 07:00,128,轻度污染,PM2.5
2828,洛阳市,2014-08-23 07:00,52,良,PM10
2829,平顶山市,2014-08-23 07:00,58,良,PM10
2830,安阳市,2014-08-23 07:00,93,良,PM2.5
2831,焦作市,2014-08-23 07:00,113,轻度污染,PM2.5
2832,三门峡市,2014-08-23 07:00,79,良,PM2.5
2833,武汉市,2014-08-23 07:00,115,轻度污染,PM2.5
2834,宜昌市,2014-08-23 07:00,120,轻度污染,PM2.5
2835,荆州市,2014-08-23 07:00,117,轻度污染,PM2.5
2836,长沙市,2014-08-23 07:00,70,良,PM2.5
2837,株洲市,2014-08-23 07:00,57,良,PM2.5
2838,湘潭市,2014-08-23 07:00,63,良,PM2.5
2839,岳阳市,2014-08-23 07:00,73,良,PM10
2840,常德市,2014-08-23 07:00,108,轻度污染,PM2.5
2841,张家界市,2014-08-23 07:00,59,良,PM2.5
2842,广州市,2014-08-23 07:00,51,良,PM10
2843,韶关市,2014-08-23 07:00,64,良,PM2.5
2844,深圳市,2014-08-23 07:00,42,优,None
2845,珠海市,2014-08-23 07:00,38,优,None
2846,汕头市,2014-08-23 07:00,46,优,None
2847,佛山市,2014-08-23 07:00,44,优,None
2848,江门市,2014-08-23 07:00,45,优,None
2849,湛江市,2014-08-23 07:00,26,优,None
2850,茂名市,2014-08-23 07:00,27,优,None
2851,肇庆市,2014-08-23 07:00,62,良,PM10
2852,惠州市,2014-08-23 07:00,36,优,None
2853,梅州市,2014-08-23 07:00,59,良,PM10
2854,汕尾市,2014-08-23 07:00,12,优,None
2855,河源市,2014-08-23 07:00,20,优,None
2856,阳江市,2014-08-23 07:00,48,优,None
2857,清远市,2014-08-23 07:00,83,良,PM2.5
2858,东莞市,2014-08-23 07:00,33,优,None
2859,中山市,2014-08-23 07:00,19,优,None
2860,潮州市,2014-08-23 07:00,64,良,PM2.5
2861,揭阳市,2014-08-23 07:00,40,优,None
2862,云浮市,2014-08-23 07:00,13,优,None
2863,南宁市,2014-08-23 07:00,54,良,PM10
2864,柳州市,2014-08-23 07:00,44,优,None
2865,桂林市,2014-08-23 07:00,43,优,None
2866,北海市,2014-08-23 07:00,30,优,None
2867,海口市,2014-08-23 07:00,19,优,None
2868,三亚市,2014-08-23 07:00,26,优,None
2869,重庆市,2014-08-23 07:00,25,优,None
2870,成都市,2014-08-23 07:00,62,良,PM2.5
2871,自贡市,2014-08-23 07:00,62,良,PM10
2872,攀枝花市,2014-08-23 07:00,54,良,PM10
2873,泸州市,2014-08-23 07:00,52,良,PM2.5
2874,德阳市,2014-08-23 07:00,64,良,PM2.5
2875,绵阳市,2014-08-23 07:00,52,良,PM2.5
2876,南充市,2014-08-23 07:00,49,优,None
2877,宜宾市,2014-08-23 07:00,52,良,PM2.5
2878,贵阳市,2014-08-23 07:00,26,优,None
2879,遵义市,2014-08-23 07:00,31,优,None
2880,昆明市,2014-08-23 07:00,33,优,None
2881,曲靖市,2014-08-23 07:00,26,优,None
2882,玉溪市,2014-08-23 07:00,37,优,None
2883,拉萨市,2014-08-23 07:00,23,优,None
2884,西安市,2014-08-23 07:00,81,良,PM10
2885,铜川市,2014-08-23 07:00,40,优,None
2886,宝鸡市,2014-08-23 07:00,66,良,PM10
2887,咸阳市,2014-08-23 07:00,69,良,PM10
2888,渭南市,2014-08-23 07:00,62,良,PM10
2889,延安市,2014-08-23 07:00,66,良,PM10
2890,兰州市,2014-08-23 07:00,87,良,PM2.5
2891,嘉峪关市,2014-08-23 07:00,21,优,None
2892,金昌市,2014-08-23 07:00,24,优,None
2893,西宁市,2014-08-23 07:00,92,良,PM2.5
2894,银川市,2014-08-23 07:00,78,良,PM10
2895,石嘴山市,2014-08-23 07:00,57,良,PM10
2896,乌鲁木齐市,2014-08-23 07:00,107,轻度污染,PM10
2897,克拉玛依市,2014-08-23 07:00,51,良,PM10
2898,库尔勒市,2014-08-23 07:00,79,良,PM10
2899,北京市,2014-08-23 06:00,120,轻度污染,PM2.5
2900,天津市,2014-08-23 06:00,139,轻度污染,PM2.5
2901,石家庄市,2014-08-23 06:00,130,轻度污染,PM2.5
2902,唐山市,2014-08-23 06:00,123,轻度污染,PM2.5
2903,秦皇岛市,2014-08-23 06:00,103,轻度污染,PM2.5
2904,邯郸市,2014-08-23 06:00,110,轻度污染,PM2.5
2905,邢台市,2014-08-23 06:00,112,轻度污染,PM2.5
2906,保定市,2014-08-23 06:00,127,轻度污染,PM2.5
2907,承德市,2014-08-23 06:00,75,良,PM2.5
2908,沧州市,2014-08-23 06:00,128,轻度污染,PM2.5
2909,廊坊市,2014-08-23 06:00,142,轻度污染,PM2.5
2910,衡水市,2014-08-23 06:00,148,轻度污染,PM2.5
2911,张家口市,2014-08-23 06:00,33,优,None
2912,太原市,2014-08-23 06:00,72,良,PM2.5
2913,大同市,2014-08-23 06:00,84,良,PM2.5
2914,阳泉市,2014-08-23 06:00,112,轻度污染,PM10,PM2.5
2915,长治市,2014-08-23 06:00,110,轻度污染,PM2.5
2916,临汾市,2014-08-23 06:00,85,良,PM2.5
2917,呼和浩特市,2014-08-23 06:00,58,良,PM10
2918,包头市,2014-08-23 06:00,85,良,PM10
2919,赤峰市,2014-08-23 06:00,42,优,None
2920,鄂尔多斯市,2014-08-23 06:00,49,优,None
2921,沈阳市,2014-08-23 06:00,159,中度污染,PM2.5
2922,大连市,2014-08-23 06:00,128,轻度污染,PM2.5
2923,鞍山市,2014-08-23 06:00,117,轻度污染,PM2.5
2924,抚顺市,2014-08-23 06:00,87,良,PM2.5
2925,本溪市,2014-08-23 06:00,142,轻度污染,PM2.5
2926,丹东市,2014-08-23 06:00,124,轻度污染,PM2.5
2927,锦州市,2014-08-23 06:00,59,良,PM10
2928,营口市,2014-08-23 06:00,60,良,PM2.5
2929,盘锦市,2014-08-23 06:00,112,轻度污染,PM2.5
2930,葫芦岛市,2014-08-23 06:00,87,良,PM10
2931,长春市,2014-08-23 06:00,111,轻度污染,PM10
2932,吉林市,2014-08-23 06:00,63,良,PM10
2933,哈尔滨市,2014-08-23 06:00,83,良,PM10
2934,齐齐哈尔市,2014-08-23 06:00,65,良,PM10
2935,大庆市,2014-08-23 06:00,26,优,None
2936,牡丹江市,2014-08-23 06:00,51,良,PM10
2937,上海市,2014-08-23 06:00,63,良,PM2.5
2938,南京市,2014-08-23 06:00,74,良,PM2.5
2939,无锡市,2014-08-23 06:00,62,良,PM10
2940,徐州市,2014-08-23 06:00,79,良,PM2.5
2941,常州市,2014-08-23 06:00,58,良,PM2.5
2942,苏州市,2014-08-23 06:00,78,良,PM2.5
2943,南通市,2014-08-23 06:00,72,良,PM2.5
2944,连云港市,2014-08-23 06:00,59,良,PM2.5
2945,淮安市,2014-08-23 06:00,72,良,PM2.5
2946,盐城市,2014-08-23 06:00,79,良,PM2.5
2947,扬州市,2014-08-23 06:00,90,良,PM2.5
2948,镇江市,2014-08-23 06:00,90,良,PM2.5
2949,泰州市,2014-08-23 06:00,77,良,PM2.5
2950,宿迁市,2014-08-23 06:00,100,良,PM2.5
2951,杭州市,2014-08-23 06:00,99,良,PM2.5
2952,宁波市,2014-08-23 06:00,48,优,None
2953,温州市,2014-08-23 06:00,60,良,PM10
2954,嘉兴市,2014-08-23 06:00,57,良,PM2.5
2955,湖州市,2014-08-23 06:00,69,良,PM2.5
2956,金华市,2014-08-23 06:00,42,优,None
2957,衢州市,2014-08-23 06:00,51,良,PM10
2958,舟山市,2014-08-23 06:00,32,优,None
2959,台州市,2014-08-23 06:00,54,良,PM10
2960,丽水市,2014-08-23 06:00,48,优,None
2961,绍兴市,2014-08-23 06:00,62,良,PM2.5
2962,合肥市,2014-08-23 06:00,108,轻度污染,PM2.5
2963,芜湖市,2014-08-23 06:00,70,良,PM2.5
2964,马鞍山市,2014-08-23 06:00,90,良,PM10
2965,福州市,2014-08-23 06:00,57,良,PM10
2966,厦门市,2014-08-23 06:00,29,优,None
2967,泉州市,2014-08-23 06:00,75,良,PM10
2968,南昌市,2014-08-23 06:00,99,良,PM10
2969,九江市,2014-08-23 06:00,75,良,PM10
2970,济南市,2014-08-23 06:00,90,良,PM2.5
2971,青岛市,2014-08-23 06:00,55,良,PM10
2972,淄博市,2014-08-23 06:00,124,轻度污染,PM2.5
2973,枣庄市,2014-08-23 06:00,114,轻度污染,PM10
2974,东营市,2014-08-23 06:00,140,轻度污染,PM2.5
2975,烟台市,2014-08-23 06:00,90,良,PM2.5
2976,潍坊市,2014-08-23 06:00,132,轻度污染,PM2.5
2977,济宁市,2014-08-23 06:00,108,轻度污染,PM2.5
2978,泰安市,2014-08-23 06:00,99,良,PM2.5
2979,威海市,2014-08-23 06:00,69,良,PM2.5
2980,日照市,2014-08-23 06:00,69,良,PM10
2981,莱芜市,2014-08-23 06:00,150,轻度污染,PM2.5
2982,临沂市,2014-08-23 06:00,242,重度污染,PM10
2983,德州市,2014-08-23 06:00,168,中度污染,PM2.5
2984,聊城市,2014-08-23 06:00,102,轻度污染,PM2.5
2985,滨州市,2014-08-23 06:00,153,中度污染,PM2.5
2986,菏泽市,2014-08-23 06:00,93,良,PM2.5
2987,郑州市,2014-08-23 06:00,104,轻度污染,PM2.5
2988,开封市,2014-08-23 06:00,110,轻度污染,PM2.5
2989,洛阳市,2014-08-23 06:00,56,良,PM10
2990,平顶山市,2014-08-23 06:00,64,良,PM10
2991,安阳市,2014-08-23 06:00,92,良,PM2.5
2992,焦作市,2014-08-23 06:00,103,轻度污染,PM2.5
2993,三门峡市,2014-08-23 06:00,69,良,PM2.5
2994,武汉市,2014-08-23 06:00,115,轻度污染,PM2.5
2995,宜昌市,2014-08-23 06:00,123,轻度污染,PM2.5
2996,荆州市,2014-08-23 06:00,127,轻度污染,PM2.5
2997,长沙市,2014-08-23 06:00,72,良,PM2.5
2998,株洲市,2014-08-23 06:00,58,良,PM2.5
2999,湘潭市,2014-08-23 06:00,59,良,PM10,PM2.5
3000,岳阳市,2014-08-23 06:00,77,良,PM10
3001,常德市,2014-08-23 06:00,102,轻度污染,PM2.5
3002,张家界市,2014-08-23 06:00,63,良,PM2.5
3003,广州市,2014-08-23 06:00,49,优,None
3004,韶关市,2014-08-23 06:00,64,良,PM2.5
3005,深圳市,2014-08-23 06:00,27,优,None
3006,珠海市,2014-08-23 06:00,20,优,None
3007,汕头市,2014-08-23 06:00,41,优,None
3008,佛山市,2014-08-23 06:00,41,优,None
3009,江门市,2014-08-23 06:00,40,优,None
3010,湛江市,2014-08-23 06:00,24,优,None
3011,茂名市,2014-08-23 06:00,27,优,None
3012,肇庆市,2014-08-23 06:00,57,良,PM10
3013,惠州市,2014-08-23 06:00,38,优,None
3014,梅州市,2014-08-23 06:00,75,良,SO2
3015,汕尾市,2014-08-23 06:00,12,优,None
3016,河源市,2014-08-23 06:00,20,优,None
3017,阳江市,2014-08-23 06:00,39,优,None
3018,清远市,2014-08-23 06:00,83,良,PM2.5
3019,东莞市,2014-08-23 06:00,33,优,None
3020,中山市,2014-08-23 06:00,16,优,None
3021,潮州市,2014-08-23 06:00,60,良,PM2.5
3022,揭阳市,2014-08-23 06:00,42,优,None
3023,云浮市,2014-08-23 06:00,11,优,None
3024,南宁市,2014-08-23 06:00,52,良,PM10
3025,柳州市,2014-08-23 06:00,45,优,None
3026,桂林市,2014-08-23 06:00,46,优,None
3027,北海市,2014-08-23 06:00,24,优,None
3028,海口市,2014-08-23 06:00,19,优,None
3029,三亚市,2014-08-23 06:00,18,优,None
3030,重庆市,2014-08-23 06:00,25,优,None
3031,成都市,2014-08-23 06:00,63,良,PM2.5
3032,自贡市,2014-08-23 06:00,53,良,PM10,PM2.5
3033,攀枝花市,2014-08-23 06:00,51,良,PM10
3034,泸州市,2014-08-23 06:00,46,优,None
3035,德阳市,2014-08-23 06:00,68,良,PM2.5
3036,绵阳市,2014-08-23 06:00,57,良,PM2.5
3037,南充市,2014-08-23 06:00,65,良,PM2.5
3038,宜宾市,2014-08-23 06:00,52,良,PM2.5
3039,贵阳市,2014-08-23 06:00,39,优,None
3040,遵义市,2014-08-23 06:00,35,优,None
3041,昆明市,2014-08-23 06:00,32,优,None
3042,曲靖市,2014-08-23 06:00,26,优,None
3043,玉溪市,2014-08-23 06:00,36,优,None
3044,拉萨市,2014-08-23 06:00,31,优,None
3045,西安市,2014-08-23 06:00,78,良,PM10
3046,铜川市,2014-08-23 06:00,34,优,None
3047,宝鸡市,2014-08-23 06:00,63,良,PM10
3048,咸阳市,2014-08-23 06:00,69,良,PM10
3049,渭南市,2014-08-23 06:00,56,良,PM10
3050,延安市,2014-08-23 06:00,67,良,PM10
3051,兰州市,2014-08-23 06:00,97,良,PM10,PM2.5
3052,嘉峪关市,2014-08-23 06:00,22,优,None
3053,金昌市,2014-08-23 06:00,19,优,None
3054,西宁市,2014-08-23 06:00,87,良,PM2.5
3055,银川市,2014-08-23 06:00,69,良,PM10
3056,石嘴山市,2014-08-23 06:00,74,良,PM10
3057,乌鲁木齐市,2014-08-23 06:00,104,轻度污染,PM10
3058,克拉玛依市,2014-08-23 06:00,47,优,None
3059,库尔勒市,2014-08-23 06:00,81,良,PM10
3060,北京市,2014-08-23 05:00,125,轻度污染,PM2.5
3061,天津市,2014-08-23 05:00,143,轻度污染,PM2.5
3062,石家庄市,2014-08-23 05:00,144,轻度污染,PM2.5
3063,唐山市,2014-08-23 05:00,114,轻度污染,PM2.5
3064,秦皇岛市,2014-08-23 05:00,105,轻度污染,PM2.5
3065,邯郸市,2014-08-23 05:00,105,轻度污染,PM2.5
3066,邢台市,2014-08-23 05:00,81,良,PM10
3067,保定市,2014-08-23 05:00,148,轻度污染,PM2.5
3068,承德市,2014-08-23 05:00,84,良,PM2.5
3069,沧州市,2014-08-23 05:00,122,轻度污染,PM2.5
3070,廊坊市,2014-08-23 05:00,142,轻度污染,PM2.5
3071,衡水市,2014-08-23 05:00,152,中度污染,PM2.5
3072,张家口市,2014-08-23 05:00,36,优,None
3073,太原市,2014-08-23 05:00,72,良,PM2.5
3074,大同市,2014-08-23 05:00,93,良,PM2.5
3075,阳泉市,2014-08-23 05:00,109,轻度污染,PM10
3076,长治市,2014-08-23 05:00,109,轻度污染,PM2.5
3077,临汾市,2014-08-23 05:00,90,良,PM2.5
3078,呼和浩特市,2014-08-23 05:00,57,良,PM10
3079,包头市,2014-08-23 05:00,76,良,PM10
3080,赤峰市,2014-08-23 05:00,54,良,PM10
3081,鄂尔多斯市,2014-08-23 05:00,56,良,PM10
3082,沈阳市,2014-08-23 05:00,162,中度污染,PM2.5
3083,大连市,2014-08-23 05:00,137,轻度污染,PM2.5
3084,鞍山市,2014-08-23 05:00,103,轻度污染,PM2.5
3085,抚顺市,2014-08-23 05:00,94,良,PM2.5
3086,本溪市,2014-08-23 05:00,153,中度污染,PM2.5
3087,丹东市,2014-08-23 05:00,139,轻度污染,PM2.5
3088,锦州市,2014-08-23 05:00,150,轻度污染,PM2.5
3089,营口市,2014-08-23 05:00,67,良,O3
3090,盘锦市,2014-08-23 05:00,109,轻度污染,PM2.5
3091,葫芦岛市,2014-08-23 05:00,105,轻度污染,PM10
3092,长春市,2014-08-23 05:00,139,轻度污染,PM10
3093,吉林市,2014-08-23 05:00,60,良,PM10
3094,哈尔滨市,2014-08-23 05:00,82,良,PM10
3095,齐齐哈尔市,2014-08-23 05:00,60,良,PM10
3096,大庆市,2014-08-23 05:00,25,优,None
3097,牡丹江市,2014-08-23 05:00,51,良,PM10
3098,上海市,2014-08-23 05:00,65,良,PM2.5
3099,南京市,2014-08-23 05:00,67,良,PM2.5
3100,无锡市,2014-08-23 05:00,58,良,PM10,PM2.5
3101,徐州市,2014-08-23 05:00,77,良,PM2.5
3102,常州市,2014-08-23 05:00,54,良,PM2.5
3103,苏州市,2014-08-23 05:00,70,良,PM2.5
3104,南通市,2014-08-23 05:00,64,良,PM2.5
3105,连云港市,2014-08-23 05:00,53,良,PM2.5
3106,淮安市,2014-08-23 05:00,67,良,PM2.5
3107,盐城市,2014-08-23 05:00,67,良,PM2.5
3108,扬州市,2014-08-23 05:00,93,良,PM2.5
3109,镇江市,2014-08-23 05:00,98,良,PM2.5
3110,泰州市,2014-08-23 05:00,75,良,PM2.5
3111,宿迁市,2014-08-23 05:00,105,轻度污染,PM2.5
3112,杭州市,2014-08-23 05:00,94,良,PM2.5
3113,宁波市,2014-08-23 05:00,51,良,PM10
3114,温州市,2014-08-23 05:00,58,良,PM10
3115,嘉兴市,2014-08-23 05:00,52,良,PM10,PM2.5
3116,湖州市,2014-08-23 05:00,62,良,PM2.5
3117,金华市,2014-08-23 05:00,46,优,None
3118,衢州市,2014-08-23 05:00,55,良,PM2.5
3119,舟山市,2014-08-23 05:00,26,优,None
3120,台州市,2014-08-23 05:00,52,良,PM10
3121,丽水市,2014-08-23 05:00,48,优,None
3122,绍兴市,2014-08-23 05:00,60,良,PM2.5
3123,合肥市,2014-08-23 05:00,104,轻度污染,PM2.5
3124,芜湖市,2014-08-23 05:00,74,良,PM2.5
3125,马鞍山市,2014-08-23 05:00,80,良,PM2.5
3126,福州市,2014-08-23 05:00,55,良,PM10
3127,厦门市,2014-08-23 05:00,33,优,None
3128,泉州市,2014-08-23 05:00,60,良,PM10
3129,南昌市,2014-08-23 05:00,81,良,PM10
3130,九江市,2014-08-23 05:00,78,良,PM10
3131,济南市,2014-08-23 05:00,89,良,PM2.5
3132,青岛市,2014-08-23 05:00,52,良,PM10
3133,淄博市,2014-08-23 05:00,124,轻度污染,PM2.5
3134,枣庄市,2014-08-23 05:00,115,轻度污染,PM10
3135,东营市,2014-08-23 05:00,144,轻度污染,PM2.5
3136,烟台市,2014-08-23 05:00,84,良,PM2.5
3137,潍坊市,2014-08-23 05:00,122,轻度污染,PM2.5
3138,济宁市,2014-08-23 05:00,105,轻度污染,PM2.5
3139,泰安市,2014-08-23 05:00,95,良,PM2.5
3140,威海市,2014-08-23 05:00,62,良,PM2.5
3141,日照市,2014-08-23 05:00,63,良,PM10
3142,莱芜市,2014-08-23 05:00,155,中度污染,PM2.5
3143,临沂市,2014-08-23 05:00,266,重度污染,PM10
3144,德州市,2014-08-23 05:00,170,中度污染,PM2.5
3145,聊城市,2014-08-23 05:00,99,良,PM2.5
3146,滨州市,2014-08-23 05:00,138,轻度污染,PM2.5
3147,菏泽市,2014-08-23 05:00,93,良,PM2.5
3148,郑州市,2014-08-23 05:00,118,轻度污染,PM10
3149,开封市,2014-08-23 05:00,97,良,PM2.5
3150,洛阳市,2014-08-23 05:00,65,良,PM2.5
3151,平顶山市,2014-08-23 05:00,67,良,PM10
3152,安阳市,2014-08-23 05:00,88,良,PM2.5
3153,焦作市,2014-08-23 05:00,110,轻度污染,PM2.5
3154,三门峡市,2014-08-23 05:00,87,良,PM2.5
3155,武汉市,2014-08-23 05:00,112,轻度污染,PM2.5
3156,宜昌市,2014-08-23 05:00,125,轻度污染,PM2.5
3157,荆州市,2014-08-23 05:00,130,轻度污染,PM2.5
3158,长沙市,2014-08-23 05:00,74,良,PM2.5
3159,株洲市,2014-08-23 05:00,62,良,PM10
3160,湘潭市,2014-08-23 05:00,63,良,PM10
3161,岳阳市,2014-08-23 05:00,81,良,PM10
3162,常德市,2014-08-23 05:00,113,轻度污染,PM2.5
3163,张家界市,2014-08-23 05:00,72,良,PM2.5
3164,广州市,2014-08-23 05:00,52,良,PM2.5
3165,韶关市,2014-08-23 05:00,59,良,PM2.5
3166,深圳市,2014-08-23 05:00,24,优,None
3167,珠海市,2014-08-23 05:00,21,优,None
3168,汕头市,2014-08-23 05:00,37,优,None
3169,佛山市,2014-08-23 05:00,42,优,None
3170,江门市,2014-08-23 05:00,44,优,None
3171,湛江市,2014-08-23 05:00,19,优,None
3172,茂名市,2014-08-23 05:00,28,优,None
3173,肇庆市,2014-08-23 05:00,50,优,None
3174,惠州市,2014-08-23 05:00,33,优,None
3175,梅州市,2014-08-23 05:00,51,良,PM10
3176,汕尾市,2014-08-23 05:00,13,优,None
3177,河源市,2014-08-23 05:00,22,优,None
3178,阳江市,2014-08-23 05:00,44,优,None
3179,清远市,2014-08-23 05:00,82,良,PM2.5
3180,东莞市,2014-08-23 05:00,29,优,None
3181,中山市,2014-08-23 05:00,16,优,None
3182,潮州市,2014-08-23 05:00,52,良,PM2.5
3183,揭阳市,2014-08-23 05:00,42,优,None
3184,云浮市,2014-08-23 05:00,11,优,None
3185,南宁市,2014-08-23 05:00,39,优,None
3186,柳州市,2014-08-23 05:00,43,优,None
3187,桂林市,2014-08-23 05:00,48,优,None
3188,北海市,2014-08-23 05:00,22,优,None
3189,海口市,2014-08-23 05:00,19,优,None
3190,三亚市,2014-08-23 05:00,17,优,None
3191,重庆市,2014-08-23 05:00,29,优,None
3192,成都市,2014-08-23 05:00,62,良,PM2.5
3193,自贡市,2014-08-23 05:00,48,优,None
3194,攀枝花市,2014-08-23 05:00,47,优,None
3195,泸州市,2014-08-23 05:00,40,优,None
3196,德阳市,2014-08-23 05:00,80,良,PM2.5
3197,绵阳市,2014-08-23 05:00,62,良,PM2.5
3198,南充市,2014-08-23 05:00,63,良,PM2.5
3199,宜宾市,2014-08-23 05:00,49,优,None
3200,贵阳市,2014-08-23 05:00,43,优,None
3201,遵义市,2014-08-23 05:00,36,优,None
3202,昆明市,2014-08-23 05:00,31,优,None
3203,曲靖市,2014-08-23 05:00,26,优,None
3204,玉溪市,2014-08-23 05:00,43,优,None
3205,拉萨市,2014-08-23 05:00,32,优,None
3206,西安市,2014-08-23 05:00,75,良,PM10
3207,铜川市,2014-08-23 05:00,41,优,None
3208,宝鸡市,2014-08-23 05:00,69,良,PM10
3209,咸阳市,2014-08-23 05:00,89,良,PM10
3210,渭南市,2014-08-23 05:00,57,良,PM2.5
3211,延安市,2014-08-23 05:00,71,良,PM10
3212,兰州市,2014-08-23 05:00,90,良,PM2.5
3213,嘉峪关市,2014-08-23 05:00,25,优,None
3214,金昌市,2014-08-23 05:00,22,优,None
3215,西宁市,2014-08-23 05:00,89,良,PM2.5
3216,银川市,2014-08-23 05:00,65,良,PM10
3217,石嘴山市,2014-08-23 05:00,78,良,PM10
3218,乌鲁木齐市,2014-08-23 05:00,111,轻度污染,PM10
3219,克拉玛依市,2014-08-23 05:00,34,优,None
3220,库尔勒市,2014-08-23 05:00,86,良,PM10
3221,北京市,2014-08-23 04:00,130,轻度污染,PM2.5
3222,天津市,2014-08-23 04:00,134,轻度污染,PM2.5
3223,石家庄市,2014-08-23 04:00,127,轻度污染,PM10
3224,唐山市,2014-08-23 04:00,123,轻度污染,PM2.5
3225,秦皇岛市,2014-08-23 04:00,108,轻度污染,PM2.5
3226,邯郸市,2014-08-23 04:00,114,轻度污染,PM2.5
3227,邢台市,2014-08-23 04:00,103,轻度污染,PM2.5
3228,保定市,2014-08-23 04:00,152,中度污染,PM2.5
3229,承德市,2014-08-23 04:00,78,良,PM2.5
3230,沧州市,2014-08-23 04:00,119,轻度污染,PM2.5
3231,廊坊市,2014-08-23 04:00,143,轻度污染,PM2.5
3232,衡水市,2014-08-23 04:00,155,中度污染,PM2.5
3233,张家口市,2014-08-23 04:00,42,优,None
3234,太原市,2014-08-23 04:00,75,良,PM10,PM2.5
3235,大同市,2014-08-23 04:00,94,良,PM2.5
3236,阳泉市,2014-08-23 04:00,108,轻度污染,PM10
3237,长治市,2014-08-23 04:00,108,轻度污染,PM2.5
3238,临汾市,2014-08-23 04:00,94,良,PM2.5
3239,呼和浩特市,2014-08-23 04:00,56,良,PM10
3240,包头市,2014-08-23 04:00,76,良,PM10
3241,赤峰市,2014-08-23 04:00,58,良,PM10
3242,鄂尔多斯市,2014-08-23 04:00,56,良,PM10
3243,沈阳市,2014-08-23 04:00,166,中度污染,PM2.5
3244,大连市,2014-08-23 04:00,150,轻度污染,PM2.5
3245,鞍山市,2014-08-23 04:00,108,轻度污染,PM2.5
3246,抚顺市,2014-08-23 04:00,97,良,PM2.5
3247,本溪市,2014-08-23 04:00,144,轻度污染,PM2.5
3248,丹东市,2014-08-23 04:00,144,轻度污染,PM2.5
3249,锦州市,2014-08-23 04:00,172,中度污染,PM2.5
3250,营口市,2014-08-23 04:00,72,良,O3
3251,盘锦市,2014-08-23 04:00,105,轻度污染,PM2.5
3252,葫芦岛市,2014-08-23 04:00,118,轻度污染,PM10
3253,长春市,2014-08-23 04:00,148,轻度污染,PM10
3254,吉林市,2014-08-23 04:00,60,良,PM10
3255,哈尔滨市,2014-08-23 04:00,84,良,PM10
3256,齐齐哈尔市,2014-08-23 04:00,60,良,PM10
3257,大庆市,2014-08-23 04:00,26,优,None
3258,牡丹江市,2014-08-23 04:00,47,优,None
3259,上海市,2014-08-23 04:00,65,良,PM2.5
3260,南京市,2014-08-23 04:00,59,良,PM2.5
3261,无锡市,2014-08-23 04:00,57,良,PM10,PM2.5
3262,徐州市,2014-08-23 04:00,72,良,PM2.5
3263,常州市,2014-08-23 04:00,52,良,PM10
3264,苏州市,2014-08-23 04:00,60,良,PM2.5
3265,南通市,2014-08-23 04:00,59,良,PM2.5
3266,连云港市,2014-08-23 04:00,48,优,None
3267,淮安市,2014-08-23 04:00,63,良,PM2.5
3268,盐城市,2014-08-23 04:00,54,良,PM2.5
3269,扬州市,2014-08-23 04:00,94,良,PM2.5
3270,镇江市,2014-08-23 04:00,100,良,PM2.5
3271,泰州市,2014-08-23 04:00,79,良,PM2.5
3272,宿迁市,2014-08-23 04:00,98,良,PM2.5
3273,杭州市,2014-08-23 04:00,94,良,PM2.5
3274,宁波市,2014-08-23 04:00,68,良,O3
3275,温州市,2014-08-23 04:00,56,良,PM10
3276,嘉兴市,2014-08-23 04:00,53,良,PM10,PM2.5
3277,湖州市,2014-08-23 04:00,59,良,PM2.5
3278,金华市,2014-08-23 04:00,49,优,None
3279,衢州市,2014-08-23 04:00,51,良,PM10
3280,舟山市,2014-08-23 04:00,23,优,None
3281,台州市,2014-08-23 04:00,51,良,PM10
3282,丽水市,2014-08-23 04:00,53,良,PM10
3283,绍兴市,2014-08-23 04:00,70,良,PM2.5
3284,合肥市,2014-08-23 04:00,100,良,PM2.5
3285,芜湖市,2014-08-23 04:00,69,良,PM2.5
3286,马鞍山市,2014-08-23 04:00,83,良,PM2.5
3287,福州市,2014-08-23 04:00,56,良,PM10
3288,厦门市,2014-08-23 04:00,28,优,None
3289,泉州市,2014-08-23 04:00,38,优,None
3290,南昌市,2014-08-23 04:00,74,良,PM10
3291,九江市,2014-08-23 04:00,69,良,PM10
3292,济南市,2014-08-23 04:00,88,良,PM2.5
3293,青岛市,2014-08-23 04:00,54,良,PM10
3294,淄博市,2014-08-23 04:00,118,轻度污染,PM2.5
3295,枣庄市,2014-08-23 04:00,115,轻度污染,PM10
3296,东营市,2014-08-23 04:00,132,轻度污染,PM2.5
3297,烟台市,2014-08-23 04:00,82,良,PM2.5
3298,潍坊市,2014-08-23 04:00,117,轻度污染,PM2.5
3299,济宁市,2014-08-23 04:00,104,轻度污染,PM2.5
3300,泰安市,2014-08-23 04:00,97,良,PM2.5
3301,威海市,2014-08-23 04:00,58,良,PM2.5
3302,日照市,2014-08-23 04:00,63,良,PM10
3303,莱芜市,2014-08-23 04:00,152,中度污染,PM2.5
3304,临沂市,2014-08-23 04:00,186,中度污染,PM10
3305,德州市,2014-08-23 04:00,139,轻度污染,PM2.5
3306,聊城市,2014-08-23 04:00,105,轻度污染,PM2.5
3307,滨州市,2014-08-23 04:00,127,轻度污染,PM2.5
3308,菏泽市,2014-08-23 04:00,99,良,PM2.5
3309,郑州市,2014-08-23 04:00,120,轻度污染,PM10
3310,开封市,2014-08-23 04:00,93,良,PM2.5
3311,洛阳市,2014-08-23 04:00,67,良,PM2.5
3312,平顶山市,2014-08-23 04:00,63,良,PM10,PM2.5
3313,安阳市,2014-08-23 04:00,82,良,PM2.5
3314,焦作市,2014-08-23 04:00,112,轻度污染,PM2.5
3315,三门峡市,2014-08-23 04:00,119,轻度污染,PM2.5
3316,武汉市,2014-08-23 04:00,110,轻度污染,PM2.5
3317,宜昌市,2014-08-23 04:00,127,轻度污染,PM2.5
3318,荆州市,2014-08-23 04:00,132,轻度污染,PM2.5
3319,长沙市,2014-08-23 04:00,73,良,PM2.5
3320,株洲市,2014-08-23 04:00,63,良,PM10
3321,湘潭市,2014-08-23 04:00,60,良,PM10,PM2.5
3322,岳阳市,2014-08-23 04:00,84,良,PM2.5
3323,常德市,2014-08-23 04:00,132,轻度污染,PM2.5
3324,张家界市,2014-08-23 04:00,65,良,PM2.5
3325,广州市,2014-08-23 04:00,58,良,PM2.5
3326,韶关市,2014-08-23 04:00,59,良,PM2.5
3327,深圳市,2014-08-23 04:00,26,优,None
3328,珠海市,2014-08-23 04:00,18,优,None
3329,汕头市,2014-08-23 04:00,26,优,None
3330,佛山市,2014-08-23 04:00,45,优,None
3331,江门市,2014-08-23 04:00,42,优,None
3332,湛江市,2014-08-23 04:00,16,优,None
3333,茂名市,2014-08-23 04:00,30,优,None
3334,肇庆市,2014-08-23 04:00,53,良,PM10
3335,惠州市,2014-08-23 04:00,32,优,None
3336,梅州市,2014-08-23 04:00,42,优,None
3337,汕尾市,2014-08-23 04:00,11,优,None
3338,河源市,2014-08-23 04:00,24,优,None
3339,阳江市,2014-08-23 04:00,46,优,None
3340,清远市,2014-08-23 04:00,83,良,PM2.5
3341,东莞市,2014-08-23 04:00,26,优,None
3342,中山市,2014-08-23 04:00,20,优,None
3343,潮州市,2014-08-23 04:00,80,良,PM2.5
3344,揭阳市,2014-08-23 04:00,50,优,None
3345,云浮市,2014-08-23 04:00,13,优,None
3346,南宁市,2014-08-23 04:00,38,优,None
3347,柳州市,2014-08-23 04:00,46,优,None
3348,桂林市,2014-08-23 04:00,43,优,None
3349,北海市,2014-08-23 04:00,29,优,None
3350,海口市,2014-08-23 04:00,18,优,None
3351,三亚市,2014-08-23 04:00,23,优,None
3352,重庆市,2014-08-23 04:00,37,优,None
3353,成都市,2014-08-23 04:00,59,良,PM10
3354,自贡市,2014-08-23 04:00,62,良,PM10
3355,攀枝花市,2014-08-23 04:00,51,良,PM10
3356,泸州市,2014-08-23 04:00,45,优,None
3357,德阳市,2014-08-23 04:00,90,良,PM2.5
3358,绵阳市,2014-08-23 04:00,69,良,PM2.5
3359,南充市,2014-08-23 04:00,53,良,PM2.5
3360,宜宾市,2014-08-23 04:00,49,优,None
3361,贵阳市,2014-08-23 04:00,41,优,None
3362,遵义市,2014-08-23 04:00,45,优,None
3363,昆明市,2014-08-23 04:00,44,优,None
3364,曲靖市,2014-08-23 04:00,26,优,None
3365,玉溪市,2014-08-23 04:00,42,优,None
3366,拉萨市,2014-08-23 04:00,31,优,None
3367,西安市,2014-08-23 04:00,83,良,PM10
3368,铜川市,2014-08-23 04:00,44,优,None
3369,宝鸡市,2014-08-23 04:00,61,良,PM10
3370,咸阳市,2014-08-23 04:00,82,良,PM10
3371,渭南市,2014-08-23 04:00,61,良,PM10
3372,延安市,2014-08-23 04:00,74,良,PM10
3373,兰州市,2014-08-23 04:00,105,轻度污染,PM10
3374,嘉峪关市,2014-08-23 04:00,37,优,None
3375,金昌市,2014-08-23 04:00,25,优,None
3376,西宁市,2014-08-23 04:00,82,良,PM2.5
3377,银川市,2014-08-23 04:00,84,良,PM10
3378,石嘴山市,2014-08-23 04:00,69,良,PM10
3379,乌鲁木齐市,2014-08-23 04:00,136,轻度污染,PM10
3380,克拉玛依市,2014-08-23 04:00,43,优,None
3381,库尔勒市,2014-08-23 04:00,107,轻度污染,PM10
3382,北京市,2014-08-23 03:00,137,轻度污染,PM2.5
3383,天津市,2014-08-23 03:00,124,轻度污染,PM2.5
3384,石家庄市,2014-08-23 03:00,108,轻度污染,PM2.5
3385,唐山市,2014-08-23 03:00,118,轻度污染,PM2.5
3386,秦皇岛市,2014-08-23 03:00,110,轻度污染,PM2.5
3387,邯郸市,2014-08-23 03:00,113,轻度污染,PM2.5
3388,邢台市,2014-08-23 03:00,89,良,PM2.5
3389,保定市,2014-08-23 03:00,153,中度污染,PM2.5
3390,承德市,2014-08-23 03:00,74,良,PM2.5
3391,沧州市,2014-08-23 03:00,117,轻度污染,PM2.5
3392,廊坊市,2014-08-23 03:00,148,轻度污染,PM2.5
3393,衡水市,2014-08-23 03:00,139,轻度污染,PM2.5
3394,张家口市,2014-08-23 03:00,53,良,PM10
3395,太原市,2014-08-23 03:00,73,良,PM2.5
3396,大同市,2014-08-23 03:00,88,良,PM2.5
3397,阳泉市,2014-08-23 03:00,112,轻度污染,PM10
3398,长治市,2014-08-23 03:00,105,轻度污染,PM2.5
3399,临汾市,2014-08-23 03:00,94,良,PM2.5
3400,呼和浩特市,2014-08-23 03:00,52,良,PM10
3401,包头市,2014-08-23 03:00,79,良,PM10
3402,赤峰市,2014-08-23 03:00,61,良,PM10
3403,鄂尔多斯市,2014-08-23 03:00,58,良,PM10
3404,沈阳市,2014-08-23 03:00,166,中度污染,PM2.5
3405,大连市,2014-08-23 03:00,149,轻度污染,PM2.5
3406,鞍山市,2014-08-23 03:00,114,轻度污染,PM2.5
3407,抚顺市,2014-08-23 03:00,94,良,PM2.5
3408,本溪市,2014-08-23 03:00,138,轻度污染,PM2.5
3409,丹东市,2014-08-23 03:00,142,轻度污染,PM2.5
3410,锦州市,2014-08-23 03:00,166,中度污染,PM2.5
3411,营口市,2014-08-23 03:00,49,优,None
3412,盘锦市,2014-08-23 03:00,105,轻度污染,PM2.5
3413,葫芦岛市,2014-08-23 03:00,126,轻度污染,PM10
3414,长春市,2014-08-23 03:00,125,轻度污染,PM10
3415,吉林市,2014-08-23 03:00,59,良,PM10
3416,哈尔滨市,2014-08-23 03:00,79,良,PM10
3417,齐齐哈尔市,2014-08-23 03:00,85,良,PM10
3418,大庆市,2014-08-23 03:00,30,优,None
3419,牡丹江市,2014-08-23 03:00,41,优,None
3420,上海市,2014-08-23 03:00,63,良,PM2.5
3421,南京市,2014-08-23 03:00,62,良,PM2.5
3422,无锡市,2014-08-23 03:00,54,良,PM10
3423,徐州市,2014-08-23 03:00,70,良,PM2.5
3424,常州市,2014-08-23 03:00,49,优,None
3425,苏州市,2014-08-23 03:00,54,良,PM2.5
3426,南通市,2014-08-23 03:00,58,良,PM2.5
3427,连云港市,2014-08-23 03:00,45,优,None
3428,淮安市,2014-08-23 03:00,68,良,PM2.5
3429,盐城市,2014-08-23 03:00,46,优,None
3430,扬州市,2014-08-23 03:00,94,良,PM2.5
3431,镇江市,2014-08-23 03:00,99,良,PM2.5
3432,泰州市,2014-08-23 03:00,83,良,PM2.5
3433,宿迁市,2014-08-23 03:00,122,轻度污染,PM2.5
3434,杭州市,2014-08-23 03:00,90,良,PM2.5
3435,宁波市,2014-08-23 03:00,53,良,PM10
3436,温州市,2014-08-23 03:00,56,良,PM10
3437,嘉兴市,2014-08-23 03:00,56,良,PM10
3438,湖州市,2014-08-23 03:00,62,良,PM2.5
3439,金华市,2014-08-23 03:00,50,优,None
3440,衢州市,2014-08-23 03:00,55,良,PM10
3441,舟山市,2014-08-23 03:00,21,优,None
3442,台州市,2014-08-23 03:00,53,良,PM10
3443,丽水市,2014-08-23 03:00,61,良,PM10
3444,绍兴市,2014-08-23 03:00,68,良,PM2.5
3445,合肥市,2014-08-23 03:00,100,良,PM2.5
3446,芜湖市,2014-08-23 03:00,69,良,PM2.5
3447,马鞍山市,2014-08-23 03:00,87,良,PM2.5
3448,福州市,2014-08-23 03:00,57,良,PM10
3449,厦门市,2014-08-23 03:00,33,优,None
3450,泉州市,2014-08-23 03:00,29,优,None
3451,南昌市,2014-08-23 03:00,80,良,PM10
3452,九江市,2014-08-23 03:00,73,良,PM10
3453,济南市,2014-08-23 03:00,80,良,PM10,PM2.5
3454,青岛市,2014-08-23 03:00,55,良,PM10,PM2.5
3455,淄博市,2014-08-23 03:00,113,轻度污染,PM2.5
3456,枣庄市,2014-08-23 03:00,108,轻度污染,PM10
3457,东营市,2014-08-23 03:00,125,轻度污染,PM2.5
3458,烟台市,2014-08-23 03:00,82,良,PM2.5
3459,潍坊市,2014-08-23 03:00,107,轻度污染,PM2.5
3460,济宁市,2014-08-23 03:00,102,轻度污染,PM2.5
3461,泰安市,2014-08-23 03:00,99,良,PM10
3462,威海市,2014-08-23 03:00,57,良,PM10
3463,日照市,2014-08-23 03:00,62,良,PM10,PM2.5
3464,莱芜市,2014-08-23 03:00,152,中度污染,PM2.5
3465,临沂市,2014-08-23 03:00,178,中度污染,PM10
3466,德州市,2014-08-23 03:00,129,轻度污染,PM2.5
3467,聊城市,2014-08-23 03:00,114,轻度污染,PM2.5
3468,滨州市,2014-08-23 03:00,123,轻度污染,PM2.5
3469,菏泽市,2014-08-23 03:00,92,良,PM2.5
3470,郑州市,2014-08-23 03:00,107,轻度污染,PM10
3471,开封市,2014-08-23 03:00,88,良,PM2.5
3472,洛阳市,2014-08-23 03:00,75,良,PM2.5
3473,平顶山市,2014-08-23 03:00,82,良,PM10
3474,安阳市,2014-08-23 03:00,75,良,PM2.5
3475,焦作市,2014-08-23 03:00,106,轻度污染,PM10
3476,三门峡市,2014-08-23 03:00,104,轻度污染,PM2.5
3477,武汉市,2014-08-23 03:00,104,轻度污染,PM2.5
3478,宜昌市,2014-08-23 03:00,130,轻度污染,PM2.5
3479,荆州市,2014-08-23 03:00,130,轻度污染,PM2.5
3480,长沙市,2014-08-23 03:00,74,良,PM2.5
3481,株洲市,2014-08-23 03:00,60,良,PM2.5
3482,湘潭市,2014-08-23 03:00,59,良,PM10
3483,岳阳市,2014-08-23 03:00,90,良,PM2.5
3484,常德市,2014-08-23 03:00,122,轻度污染,PM2.5
3485,张家界市,2014-08-23 03:00,69,良,PM2.5
3486,广州市,2014-08-23 03:00,63,良,PM2.5
3487,韶关市,2014-08-23 03:00,62,良,PM2.5
3488,深圳市,2014-08-23 03:00,25,优,None
3489,珠海市,2014-08-23 03:00,19,优,None
3490,汕头市,2014-08-23 03:00,26,优,None
3491,佛山市,2014-08-23 03:00,47,优,None
3492,江门市,2014-08-23 03:00,35,优,None
3493,湛江市,2014-08-23 03:00,18,优,None
3494,茂名市,2014-08-23 03:00,27,优,None
3495,肇庆市,2014-08-23 03:00,55,良,SO2,PM10
3496,惠州市,2014-08-23 03:00,36,优,None
3497,梅州市,2014-08-23 03:00,54,良,PM10
3498,汕尾市,2014-08-23 03:00,13,优,None
3499,河源市,2014-08-23 03:00,21,优,None
3500,阳江市,2014-08-23 03:00,23,优,None
3501,清远市,2014-08-23 03:00,87,良,PM2.5
3502,东莞市,2014-08-23 03:00,29,优,None
3503,中山市,2014-08-23 03:00,20,优,None
3504,潮州市,2014-08-23 03:00,64,良,PM2.5
3505,揭阳市,2014-08-23 03:00,43,优,None
3506,云浮市,2014-08-23 03:00,13,优,None
3507,南宁市,2014-08-23 03:00,51,良,PM10
3508,柳州市,2014-08-23 03:00,50,优,None
3509,桂林市,2014-08-23 03:00,51,良,PM10
3510,北海市,2014-08-23 03:00,20,优,None
3511,海口市,2014-08-23 03:00,18,优,None
3512,三亚市,2014-08-23 03:00,22,优,None
3513,重庆市,2014-08-23 03:00,44,优,None
3514,成都市,2014-08-23 03:00,59,良,PM10
3515,自贡市,2014-08-23 03:00,53,良,PM10
3516,攀枝花市,2014-08-23 03:00,43,优,None
3517,泸州市,2014-08-23 03:00,48,优,None
3518,德阳市,2014-08-23 03:00,88,良,PM2.5
3519,绵阳市,2014-08-23 03:00,74,良,PM2.5
3520,南充市,2014-08-23 03:00,52,良,PM2.5
3521,宜宾市,2014-08-23 03:00,54,良,PM2.5
3522,贵阳市,2014-08-23 03:00,41,优,None
3523,遵义市,2014-08-23 03:00,55,良,PM2.5
3524,昆明市,2014-08-23 03:00,47,优,None
3525,曲靖市,2014-08-23 03:00,25,优,None
3526,玉溪市,2014-08-23 03:00,49,优,None
3527,拉萨市,2014-08-23 03:00,30,优,None
3528,西安市,2014-08-23 03:00,84,良,PM10
3529,铜川市,2014-08-23 03:00,43,优,None
3530,宝鸡市,2014-08-23 03:00,71,良,PM10
3531,咸阳市,2014-08-23 03:00,81,良,PM10
3532,渭南市,2014-08-23 03:00,66,良,PM10
3533,延安市,2014-08-23 03:00,76,良,PM10
3534,兰州市,2014-08-23 03:00,90,良,PM10
3535,嘉峪关市,2014-08-23 03:00,29,优,None
3536,金昌市,2014-08-23 03:00,29,优,None
3537,西宁市,2014-08-23 03:00,70,良,PM2.5
3538,银川市,2014-08-23 03:00,82,良,PM10
3539,石嘴山市,2014-08-23 03:00,57,良,PM10
3540,乌鲁木齐市,2014-08-23 03:00,146,轻度污染,PM10
3541,克拉玛依市,2014-08-23 03:00,57,良,PM10
3542,库尔勒市,2014-08-23 03:00,125,轻度污染,PM10
3543,北京市,2014-08-23 02:00,139,轻度污染,PM2.5
3544,天津市,2014-08-23 02:00,113,轻度污染,PM2.5
3545,石家庄市,2014-08-23 02:00,96,良,PM10
3546,唐山市,2014-08-23 02:00,115,轻度污染,PM2.5
3547,秦皇岛市,2014-08-23 02:00,110,轻度污染,PM2.5
3548,邯郸市,2014-08-23 02:00,95,良,PM10
3549,邢台市,2014-08-23 02:00,92,良,PM2.5
3550,保定市,2014-08-23 02:00,173,中度污染,PM2.5
3551,承德市,2014-08-23 02:00,70,良,PM10
3552,沧州市,2014-08-23 02:00,108,轻度污染,PM2.5
3553,廊坊市,2014-08-23 02:00,150,轻度污染,PM2.5
3554,衡水市,2014-08-23 02:00,130,轻度污染,PM2.5
3555,张家口市,2014-08-23 02:00,45,优,None
3556,太原市,2014-08-23 02:00,74,良,PM2.5
3557,大同市,2014-08-23 02:00,82,良,PM2.5
3558,阳泉市,2014-08-23 02:00,111,轻度污染,PM10
3559,长治市,2014-08-23 02:00,103,轻度污染,PM2.5
3560,临汾市,2014-08-23 02:00,93,良,PM2.5
3561,呼和浩特市,2014-08-23 02:00,50,优,None
3562,包头市,2014-08-23 02:00,78,良,PM10
3563,赤峰市,2014-08-23 02:00,58,良,PM10
3564,鄂尔多斯市,2014-08-23 02:00,54,良,PM10
3565,沈阳市,2014-08-23 02:00,168,中度污染,PM2.5
3566,大连市,2014-08-23 02:00,138,轻度污染,PM2.5
3567,鞍山市,2014-08-23 02:00,139,轻度污染,PM2.5
3568,抚顺市,2014-08-23 02:00,97,良,PM10,PM2.5
3569,本溪市,2014-08-23 02:00,144,轻度污染,PM2.5
3570,丹东市,2014-08-23 02:00,138,轻度污染,PM2.5
3571,锦州市,2014-08-23 02:00,156,中度污染,PM2.5
3572,营口市,2014-08-23 02:00,50,优,None
3573,盘锦市,2014-08-23 02:00,104,轻度污染,PM2.5
3574,葫芦岛市,2014-08-23 02:00,132,轻度污染,PM10
3575,长春市,2014-08-23 02:00,123,轻度污染,PM10
3576,吉林市,2014-08-23 02:00,60,良,PM10
3577,哈尔滨市,2014-08-23 02:00,76,良,PM10
3578,齐齐哈尔市,2014-08-23 02:00,93,良,PM10
3579,大庆市,2014-08-23 02:00,36,优,None
3580,牡丹江市,2014-08-23 02:00,41,优,None
3581,上海市,2014-08-23 02:00,63,良,PM2.5
3582,南京市,2014-08-23 02:00,60,良,PM2.5
3583,无锡市,2014-08-23 02:00,52,良,PM10
3584,徐州市,2014-08-23 02:00,67,良,PM10,PM2.5
3585,常州市,2014-08-23 02:00,46,优,None
3586,苏州市,2014-08-23 02:00,50,优,None
3587,南通市,2014-08-23 02:00,55,良,PM2.5
3588,连云港市,2014-08-23 02:00,52,良,PM10
3589,淮安市,2014-08-23 02:00,74,良,PM2.5
3590,盐城市,2014-08-23 02:00,46,优,None
3591,扬州市,2014-08-23 02:00,89,良,PM2.5
3592,镇江市,2014-08-23 02:00,97,良,PM2.5
3593,泰州市,2014-08-23 02:00,87,良,PM2.5
3594,宿迁市,2014-08-23 02:00,123,轻度污染,PM2.5
3595,杭州市,2014-08-23 02:00,85,良,PM2.5
3596,宁波市,2014-08-23 02:00,53,良,PM10
3597,温州市,2014-08-23 02:00,53,良,PM10
3598,嘉兴市,2014-08-23 02:00,54,良,PM10
3599,湖州市,2014-08-23 02:00,61,良,PM10
3600,金华市,2014-08-23 02:00,48,优,None
3601,衢州市,2014-08-23 02:00,54,良,PM2.5
3602,舟山市,2014-08-23 02:00,17,优,None
3603,台州市,2014-08-23 02:00,45,优,None
3604,丽水市,2014-08-23 02:00,55,良,PM10
3605,绍兴市,2014-08-23 02:00,90,良,PM2.5
3606,合肥市,2014-08-23 02:00,95,良,PM2.5
3607,芜湖市,2014-08-23 02:00,65,良,PM2.5
3608,马鞍山市,2014-08-23 02:00,88,良,PM2.5
3609,福州市,2014-08-23 02:00,55,良,PM10
3610,厦门市,2014-08-23 02:00,21,优,None
3611,泉州市,2014-08-23 02:00,28,优,None
3612,南昌市,2014-08-23 02:00,91,良,PM10
3613,九江市,2014-08-23 02:00,71,良,PM10
3614,济南市,2014-08-23 02:00,80,良,PM10
3615,青岛市,2014-08-23 02:00,64,良,PM10
3616,淄博市,2014-08-23 02:00,108,轻度污染,PM10,PM2.5
3617,枣庄市,2014-08-23 02:00,118,轻度污染,PM2.5
3618,东营市,2014-08-23 02:00,114,轻度污染,PM10,PM2.5
3619,烟台市,2014-08-23 02:00,84,良,PM2.5
3620,潍坊市,2014-08-23 02:00,100,良,PM10
3621,济宁市,2014-08-23 02:00,99,良,PM2.5
3622,泰安市,2014-08-23 02:00,95,良,PM10
3623,威海市,2014-08-23 02:00,60,良,PM2.5
3624,日照市,2014-08-23 02:00,54,良,PM10
3625,莱芜市,2014-08-23 02:00,142,轻度污染,PM2.5
3626,临沂市,2014-08-23 02:00,196,中度污染,PM10
3627,德州市,2014-08-23 02:00,147,轻度污染,PM2.5
3628,聊城市,2014-08-23 02:00,119,轻度污染,PM10
3629,滨州市,2014-08-23 02:00,112,轻度污染,PM2.5
3630,菏泽市,2014-08-23 02:00,95,良,PM2.5
3631,郑州市,2014-08-23 02:00,102,轻度污染,PM10
3632,开封市,2014-08-23 02:00,90,良,PM2.5
3633,洛阳市,2014-08-23 02:00,71,良,PM10
3634,平顶山市,2014-08-23 02:00,88,良,PM10
3635,安阳市,2014-08-23 02:00,72,良,PM2.5
3636,焦作市,2014-08-23 02:00,100,良,PM10
3637,三门峡市,2014-08-23 02:00,103,轻度污染,PM10,PM2.5
3638,武汉市,2014-08-23 02:00,107,轻度污染,PM10
3639,宜昌市,2014-08-23 02:00,137,轻度污染,PM2.5
3640,荆州市,2014-08-23 02:00,123,轻度污染,PM2.5
3641,长沙市,2014-08-23 02:00,75,良,PM2.5
3642,株洲市,2014-08-23 02:00,58,良,PM2.5
3643,湘潭市,2014-08-23 02:00,58,良,PM2.5
3644,岳阳市,2014-08-23 02:00,92,良,PM2.5
3645,常德市,2014-08-23 02:00,108,轻度污染,PM2.5
3646,张家界市,2014-08-23 02:00,62,良,PM2.5
3647,广州市,2014-08-23 02:00,67,良,PM2.5
3648,韶关市,2014-08-23 02:00,63,良,PM2.5
3649,深圳市,2014-08-23 02:00,26,优,None
3650,珠海市,2014-08-23 02:00,24,优,None
3651,汕头市,2014-08-23 02:00,71,良,SO2
3652,佛山市,2014-08-23 02:00,47,优,None
3653,江门市,2014-08-23 02:00,37,优,None
3654,湛江市,2014-08-23 02:00,19,优,None
3655,茂名市,2014-08-23 02:00,25,优,None
3656,肇庆市,2014-08-23 02:00,52,良,SO2
3657,惠州市,2014-08-23 02:00,28,优,None
3658,梅州市,2014-08-23 02:00,55,良,PM10
3659,汕尾市,2014-08-23 02:00,10,优,None
3660,河源市,2014-08-23 02:00,18,优,None
3661,阳江市,2014-08-23 02:00,28,优,None
3662,清远市,2014-08-23 02:00,85,良,PM2.5
3663,东莞市,2014-08-23 02:00,27,优,None
3664,中山市,2014-08-23 02:00,205,重度污染,O3
3665,潮州市,2014-08-23 02:00,54,良,PM2.5
3666,揭阳市,2014-08-23 02:00,43,优,None
3667,云浮市,2014-08-23 02:00,12,优,None
3668,南宁市,2014-08-23 02:00,60,良,PM10
3669,柳州市,2014-08-23 02:00,59,良,PM2.5
3670,桂林市,2014-08-23 02:00,54,良,PM10
3671,北海市,2014-08-23 02:00,25,优,None
3672,海口市,2014-08-23 02:00,19,优,None
3673,三亚市,2014-08-23 02:00,23,优,None
3674,重庆市,2014-08-23 02:00,47,优,None
3675,成都市,2014-08-23 02:00,60,良,PM10
3676,自贡市,2014-08-23 02:00,43,优,None
3677,攀枝花市,2014-08-23 02:00,50,优,None
3678,泸州市,2014-08-23 02:00,49,优,None
3679,德阳市,2014-08-23 02:00,88,良,PM2.5
3680,绵阳市,2014-08-23 02:00,72,良,PM2.5
3681,南充市,2014-08-23 02:00,50,优,None
3682,宜宾市,2014-08-23 02:00,58,良,PM2.5
3683,贵阳市,2014-08-23 02:00,43,优,None
3684,遵义市,2014-08-23 02:00,58,良,PM2.5
3685,昆明市,2014-08-23 02:00,51,良,PM10
3686,曲靖市,2014-08-23 02:00,28,优,None
3687,玉溪市,2014-08-23 02:00,39,优,None
3688,拉萨市,2014-08-23 02:00,27,优,None
3689,西安市,2014-08-23 02:00,79,良,PM10
3690,铜川市,2014-08-23 02:00,44,优,None
3691,宝鸡市,2014-08-23 02:00,69,良,PM10
3692,咸阳市,2014-08-23 02:00,96,良,PM10
3693,渭南市,2014-08-23 02:00,63,良,PM2.5
3694,延安市,2014-08-23 02:00,86,良,PM10
3695,兰州市,2014-08-23 02:00,88,良,PM10,PM2.5
3696,嘉峪关市,2014-08-23 02:00,33,优,None
3697,金昌市,2014-08-23 02:00,33,优,None
3698,西宁市,2014-08-23 02:00,55,良,PM10,PM2.5
3699,银川市,2014-08-23 02:00,97,良,PM10
3700,石嘴山市,2014-08-23 02:00,74,良,PM10
3701,乌鲁木齐市,2014-08-23 02:00,173,中度污染,PM10
3702,克拉玛依市,2014-08-23 02:00,73,良,PM10
3703,库尔勒市,2014-08-23 02:00,149,轻度污染,PM10
3704,北京市,2014-08-23 01:00,135,轻度污染,PM2.5
3705,天津市,2014-08-23 01:00,100,良,PM2.5
3706,石家庄市,2014-08-23 01:00,75,良,PM2.5
3707,唐山市,2014-08-23 01:00,127,轻度污染,PM2.5
3708,秦皇岛市,2014-08-23 01:00,108,轻度污染,PM2.5
3709,邯郸市,2014-08-23 01:00,99,良,PM10
3710,邢台市,2014-08-23 01:00,77,良,PM2.5
3711,保定市,2014-08-23 01:00,165,中度污染,PM2.5
3712,承德市,2014-08-23 01:00,70,良,PM10
3713,沧州市,2014-08-23 01:00,104,轻度污染,PM2.5
3714,廊坊市,2014-08-23 01:00,144,轻度污染,PM2.5
3715,衡水市,2014-08-23 01:00,122,轻度污染,PM2.5
3716,张家口市,2014-08-23 01:00,45,优,None
3717,太原市,2014-08-23 01:00,74,良,PM2.5
3718,大同市,2014-08-23 01:00,78,良,PM2.5
3719,阳泉市,2014-08-23 01:00,113,轻度污染,PM10
3720,长治市,2014-08-23 01:00,99,良,PM2.5
3721,临汾市,2014-08-23 01:00,93,良,PM2.5
3722,呼和浩特市,2014-08-23 01:00,48,优,None
3723,包头市,2014-08-23 01:00,75,良,PM10
3724,赤峰市,2014-08-23 01:00,63,良,PM10
3725,鄂尔多斯市,2014-08-23 01:00,54,良,PM10
3726,沈阳市,2014-08-23 01:00,155,中度污染,PM2.5
3727,大连市,2014-08-23 01:00,133,轻度污染,PM2.5
3728,鞍山市,2014-08-23 01:00,173,中度污染,PM2.5
3729,抚顺市,2014-08-23 01:00,105,轻度污染,PM2.5
3730,本溪市,2014-08-23 01:00,149,轻度污染,PM2.5
3731,丹东市,2014-08-23 01:00,139,轻度污染,PM2.5
3732,锦州市,2014-08-23 01:00,147,轻度污染,PM2.5
3733,营口市,2014-08-23 01:00,52,良,PM10
3734,盘锦市,2014-08-23 01:00,103,轻度污染,PM2.5
3735,葫芦岛市,2014-08-23 01:00,122,轻度污染,PM10
3736,长春市,2014-08-23 01:00,126,轻度污染,PM10
3737,吉林市,2014-08-23 01:00,61,良,PM10
3738,哈尔滨市,2014-08-23 01:00,65,良,PM10
3739,齐齐哈尔市,2014-08-23 01:00,89,良,PM10
3740,大庆市,2014-08-23 01:00,34,优,None
3741,牡丹江市,2014-08-23 01:00,52,良,PM10
3742,上海市,2014-08-23 01:00,57,良,PM2.5
3743,南京市,2014-08-23 01:00,64,良,PM2.5
3744,无锡市,2014-08-23 01:00,52,良,PM10
3745,徐州市,2014-08-23 01:00,65,良,PM10,PM2.5
3746,常州市,2014-08-23 01:00,54,良,PM2.5
3747,苏州市,2014-08-23 01:00,52,良,PM2.5
3748,南通市,2014-08-23 01:00,50,优,None
3749,连云港市,2014-08-23 01:00,56,良,PM10
3750,淮安市,2014-08-23 01:00,80,良,PM2.5
3751,盐城市,2014-08-23 01:00,48,优,None
3752,扬州市,2014-08-23 01:00,87,良,PM2.5
3753,镇江市,2014-08-23 01:00,95,良,PM2.5
3754,泰州市,2014-08-23 01:00,95,良,PM2.5
3755,宿迁市,2014-08-23 01:00,123,轻度污染,PM2.5
3756,杭州市,2014-08-23 01:00,84,良,PM2.5
3757,宁波市,2014-08-23 01:00,60,良,SO2
3758,温州市,2014-08-23 01:00,52,良,PM10
3759,嘉兴市,2014-08-23 01:00,52,良,PM10
3760,湖州市,2014-08-23 01:00,60,良,PM2.5
3761,金华市,2014-08-23 01:00,53,良,PM2.5
3762,衢州市,2014-08-23 01:00,52,良,PM10
3763,舟山市,2014-08-23 01:00,16,优,None
3764,台州市,2014-08-23 01:00,37,优,None
3765,丽水市,2014-08-23 01:00,47,优,None
3766,绍兴市,2014-08-23 01:00,119,轻度污染,PM2.5
3767,合肥市,2014-08-23 01:00,90,良,PM2.5
3768,芜湖市,2014-08-23 01:00,73,良,PM2.5
3769,马鞍山市,2014-08-23 01:00,93,良,PM10
3770,福州市,2014-08-23 01:00,59,良,PM10
3771,厦门市,2014-08-23 01:00,25,优,None
3772,泉州市,2014-08-23 01:00,26,优,None
3773,南昌市,2014-08-23 01:00,93,良,PM10
3774,九江市,2014-08-23 01:00,65,良,PM10
3775,济南市,2014-08-23 01:00,80,良,PM10
3776,青岛市,2014-08-23 01:00,79,良,PM2.5
3777,淄博市,2014-08-23 01:00,109,轻度污染,PM2.5
3778,枣庄市,2014-08-23 01:00,113,轻度污染,PM2.5
3779,东营市,2014-08-23 01:00,103,轻度污染,PM10
3780,烟台市,2014-08-23 01:00,92,良,PM2.5
3781,潍坊市,2014-08-23 01:00,95,良,PM2.5
3782,济宁市,2014-08-23 01:00,94,良,PM2.5
3783,泰安市,2014-08-23 01:00,83,良,PM2.5
3784,威海市,2014-08-23 01:00,61,良,PM10
3785,日照市,2014-08-23 01:00,57,良,PM10
3786,莱芜市,2014-08-23 01:00,128,轻度污染,PM2.5
3787,临沂市,2014-08-23 01:00,188,中度污染,PM10
3788,德州市,2014-08-23 01:00,126,轻度污染,PM10
3789,聊城市,2014-08-23 01:00,115,轻度污染,PM2.5
3790,滨州市,2014-08-23 01:00,114,轻度污染,PM2.5
3791,菏泽市,2014-08-23 01:00,90,良,PM2.5
3792,郑州市,2014-08-23 01:00,103,轻度污染,PM10
3793,开封市,2014-08-23 01:00,93,良,PM2.5
3794,洛阳市,2014-08-23 01:00,74,良,PM10
3795,平顶山市,2014-08-23 01:00,82,良,PM10
3796,安阳市,2014-08-23 01:00,69,良,PM10
3797,焦作市,2014-08-23 01:00,98,良,PM10
3798,三门峡市,2014-08-23 01:00,110,轻度污染,PM2.5
3799,武汉市,2014-08-23 01:00,108,轻度污染,PM2.5
3800,宜昌市,2014-08-23 01:00,133,轻度污染,PM2.5
3801,荆州市,2014-08-23 01:00,127,轻度污染,PM2.5
3802,长沙市,2014-08-23 01:00,75,良,PM10,PM2.5
3803,株洲市,2014-08-23 01:00,55,良,PM2.5
3804,湘潭市,2014-08-23 01:00,60,良,PM2.5
3805,岳阳市,2014-08-23 01:00,97,良,PM2.5
3806,常德市,2014-08-23 01:00,124,轻度污染,PM2.5
3807,张家界市,2014-08-23 01:00,63,良,PM10
3808,广州市,2014-08-23 01:00,74,良,PM2.5
3809,韶关市,2014-08-23 01:00,60,良,PM10
3810,深圳市,2014-08-23 01:00,23,优,None
3811,珠海市,2014-08-23 01:00,21,优,None
3812,汕头市,2014-08-23 01:00,26,优,None
3813,佛山市,2014-08-23 01:00,46,优,None
3814,江门市,2014-08-23 01:00,41,优,None
3815,湛江市,2014-08-23 01:00,19,优,None
3816,茂名市,2014-08-23 01:00,39,优,None
3817,肇庆市,2014-08-23 01:00,41,优,None
3818,惠州市,2014-08-23 01:00,31,优,None
3819,梅州市,2014-08-23 01:00,43,优,None
3820,汕尾市,2014-08-23 01:00,9,优,None
3821,河源市,2014-08-23 01:00,18,优,None
3822,阳江市,2014-08-23 01:00,35,优,None
3823,清远市,2014-08-23 01:00,89,良,PM2.5
3824,东莞市,2014-08-23 01:00,25,优,None
3825,中山市,2014-08-23 01:00,62,良,SO2
3826,潮州市,2014-08-23 01:00,57,良,PM2.5
3827,揭阳市,2014-08-23 01:00,49,优,None
3828,云浮市,2014-08-23 01:00,18,优,None
3829,南宁市,2014-08-23 01:00,68,良,PM10
3830,柳州市,2014-08-23 01:00,69,良,PM2.5
3831,桂林市,2014-08-23 01:00,61,良,PM10
3832,北海市,2014-08-23 01:00,18,优,None
3833,海口市,2014-08-23 01:00,17,优,None
3834,三亚市,2014-08-23 01:00,23,优,None
3835,重庆市,2014-08-23 01:00,47,优,None
3836,成都市,2014-08-23 01:00,61,良,PM10
3837,自贡市,2014-08-23 01:00,51,良,PM10
3838,攀枝花市,2014-08-23 01:00,49,优,None
3839,泸州市,2014-08-23 01:00,45,优,None
3840,德阳市,2014-08-23 01:00,112,轻度污染,PM2.5
3841,绵阳市,2014-08-23 01:00,68,良,PM2.5
3842,南充市,2014-08-23 01:00,50,优,None
3843,宜宾市,2014-08-23 01:00,58,良,PM2.5
3844,贵阳市,2014-08-23 01:00,48,优,None
3845,遵义市,2014-08-23 01:00,65,良,PM2.5
3846,昆明市,2014-08-23 01:00,55,良,PM10
3847,曲靖市,2014-08-23 01:00,34,优,None
3848,玉溪市,2014-08-23 01:00,33,优,None
3849,拉萨市,2014-08-23 01:00,31,优,None
3850,西安市,2014-08-23 01:00,78,良,PM10
3851,铜川市,2014-08-23 01:00,44,优,None
3852,宝鸡市,2014-08-23 01:00,68,良,PM10
3853,咸阳市,2014-08-23 01:00,85,良,PM10
3854,渭南市,2014-08-23 01:00,65,良,PM10
3855,延安市,2014-08-23 01:00,88,良,PM10
3856,兰州市,2014-08-23 01:00,94,良,PM10
3857,嘉峪关市,2014-08-23 01:00,33,优,None
3858,金昌市,2014-08-23 01:00,31,优,None
3859,西宁市,2014-08-23 01:00,57,良,PM10
3860,银川市,2014-08-23 01:00,100,良,PM10
3861,石嘴山市,2014-08-23 01:00,77,良,PM10
3862,乌鲁木齐市,2014-08-23 01:00,158,中度污染,PM10
3863,克拉玛依市,2014-08-23 01:00,80,良,PM10
3864,库尔勒市,2014-08-23 01:00,166,中度污染,PM2.5
3865,北京市,2014-08-23 00:00,137,轻度污染,PM2.5
3866,天津市,2014-08-23 00:00,92,良,PM10
3867,石家庄市,2014-08-23 00:00,74,良,PM2.5
3868,唐山市,2014-08-23 00:00,125,轻度污染,PM2.5
3869,秦皇岛市,2014-08-23 00:00,107,轻度污染,PM2.5
3870,邯郸市,2014-08-23 00:00,101,轻度污染,PM10
3871,邢台市,2014-08-23 00:00,78,良,PM2.5
3872,保定市,2014-08-23 00:00,170,中度污染,PM2.5
3873,承德市,2014-08-23 00:00,73,良,PM2.5
3874,沧州市,2014-08-23 00:00,99,良,PM10
3875,廊坊市,2014-08-23 00:00,137,轻度污染,PM2.5
3876,衡水市,2014-08-23 00:00,107,轻度污染,PM2.5
3877,张家口市,2014-08-23 00:00,42,优,None
3878,太原市,2014-08-23 00:00,70,良,PM10,PM2.5
3879,大同市,2014-08-23 00:00,77,良,PM2.5
3880,阳泉市,2014-08-23 00:00,110,轻度污染,PM10
3881,长治市,2014-08-23 00:00,95,良,PM2.5
3882,临汾市,2014-08-23 00:00,92,良,PM2.5
3883,呼和浩特市,2014-08-23 00:00,46,优,None
3884,包头市,2014-08-23 00:00,71,良,PM10
3885,赤峰市,2014-08-23 00:00,68,良,PM10,PM2.5
3886,鄂尔多斯市,2014-08-23 00:00,47,优,None
3887,沈阳市,2014-08-23 00:00,156,中度污染,PM2.5
3888,大连市,2014-08-23 00:00,124,轻度污染,PM2.5
3889,鞍山市,2014-08-23 00:00,182,中度污染,PM2.5
3890,抚顺市,2014-08-23 00:00,114,轻度污染,PM2.5
3891,本溪市,2014-08-23 00:00,113,轻度污染,PM2.5
3892,丹东市,2014-08-23 00:00,138,轻度污染,PM2.5
3893,锦州市,2014-08-23 00:00,140,轻度污染,PM2.5
3894,营口市,2014-08-23 00:00,58,良,PM2.5
3895,盘锦市,2014-08-23 00:00,108,轻度污染,PM2.5
3896,葫芦岛市,2014-08-23 00:00,108,轻度污染,PM2.5
3897,长春市,2014-08-23 00:00,124,轻度污染,PM10
3898,吉林市,2014-08-23 00:00,67,良,PM10
3899,哈尔滨市,2014-08-23 00:00,65,良,PM10
3900,齐齐哈尔市,2014-08-23 00:00,81,良,PM10
3901,大庆市,2014-08-23 00:00,33,优,None
3902,牡丹江市,2014-08-23 00:00,57,良,PM10
3903,上海市,2014-08-23 00:00,52,良,PM2.5
3904,南京市,2014-08-23 00:00,65,良,PM2.5
3905,无锡市,2014-08-23 00:00,50,优,None
3906,徐州市,2014-08-23 00:00,65,良,PM10
3907,常州市,2014-08-23 00:00,67,良,PM2.5
3908,苏州市,2014-08-23 00:00,45,优,None
3909,南通市,2014-08-23 00:00,51,良,PM10
3910,连云港市,2014-08-23 00:00,69,良,PM2.5
3911,淮安市,2014-08-23 00:00,94,良,PM2.5
3912,盐城市,2014-08-23 00:00,54,良,PM10
3913,扬州市,2014-08-23 00:00,88,良,PM2.5
3914,镇江市,2014-08-23 00:00,100,良,PM2.5
3915,泰州市,2014-08-23 00:00,99,良,PM2.5
3916,宿迁市,2014-08-23 00:00,93,良,PM2.5
3917,杭州市,2014-08-23 00:00,83,良,PM2.5
3918,宁波市,2014-08-23 00:00,52,良,PM10
3919,温州市,2014-08-23 00:00,51,良,PM10
3920,嘉兴市,2014-08-23 00:00,54,良,PM10
3921,湖州市,2014-08-23 00:00,59,良,PM2.5
3922,金华市,2014-08-23 00:00,40,优,None
3923,衢州市,2014-08-23 00:00,56,良,PM10
3924,舟山市,2014-08-23 00:00,16,优,None
3925,台州市,2014-08-23 00:00,41,优,None
3926,丽水市,2014-08-23 00:00,47,优,None
3927,绍兴市,2014-08-23 00:00,99,良,PM2.5
3928,合肥市,2014-08-23 00:00,95,良,PM2.5
3929,芜湖市,2014-08-23 00:00,73,良,PM2.5
3930,马鞍山市,2014-08-23 00:00,93,良,PM10
3931,福州市,2014-08-23 00:00,67,良,PM10
3932,厦门市,2014-08-23 00:00,36,优,None
3933,泉州市,2014-08-23 00:00,29,优,None
3934,南昌市,2014-08-23 00:00,89,良,PM10
3935,九江市,2014-08-23 00:00,75,良,PM10
3936,济南市,2014-08-23 00:00,81,良,PM10
3937,青岛市,2014-08-23 00:00,90,良,PM2.5
3938,淄博市,2014-08-23 00:00,102,轻度污染,PM10
3939,枣庄市,2014-08-23 00:00,88,良,PM10
3940,东营市,2014-08-23 00:00,85,良,PM10
3941,烟台市,2014-08-23 00:00,103,轻度污染,PM2.5
3942,潍坊市,2014-08-23 00:00,94,良,PM10
3943,济宁市,2014-08-23 00:00,92,良,PM2.5
3944,泰安市,2014-08-23 00:00,82,良,PM2.5
3945,威海市,2014-08-23 00:00,83,良,PM2.5
3946,日照市,2014-08-23 00:00,60,良,PM10
3947,莱芜市,2014-08-23 00:00,110,轻度污染,PM2.5
3948,临沂市,2014-08-23 00:00,173,中度污染,PM10
3949,德州市,2014-08-23 00:00,109,轻度污染,PM2.5
3950,聊城市,2014-08-23 00:00,115,轻度污染,PM2.5
3951,滨州市,2014-08-23 00:00,117,轻度污染,PM2.5
3952,菏泽市,2014-08-23 00:00,98,良,PM2.5
3953,郑州市,2014-08-23 00:00,100,良,PM10
3954,开封市,2014-08-23 00:00,97,良,PM2.5
3955,洛阳市,2014-08-23 00:00,68,良,PM10
3956,平顶山市,2014-08-23 00:00,80,良,PM10
3957,安阳市,2014-08-23 00:00,67,良,PM2.5
3958,焦作市,2014-08-23 00:00,102,轻度污染,PM10
3959,三门峡市,2014-08-23 00:00,99,良,PM10
3960,武汉市,2014-08-23 00:00,105,轻度污染,PM10
3961,宜昌市,2014-08-23 00:00,130,轻度污染,PM2.5
3962,荆州市,2014-08-23 00:00,127,轻度污染,PM2.5
3963,长沙市,2014-08-23 00:00,79,良,PM2.5
3964,株洲市,2014-08-23 00:00,55,良,PM2.5
3965,湘潭市,2014-08-23 00:00,62,良,PM2.5
3966,岳阳市,2014-08-23 00:00,111,轻度污染,PM10
3967,常德市,2014-08-23 00:00,113,轻度污染,PM2.5
3968,张家界市,2014-08-23 00:00,73,良,PM10
3969,广州市,2014-08-23 00:00,75,良,PM2.5
3970,韶关市,2014-08-23 00:00,55,良,PM10
3971,深圳市,2014-08-23 00:00,30,优,None
3972,珠海市,2014-08-23 00:00,22,优,None
3973,汕头市,2014-08-23 00:00,25,优,None
3974,佛山市,2014-08-23 00:00,42,优,None
3975,江门市,2014-08-23 00:00,38,优,None
3976,湛江市,2014-08-23 00:00,20,优,None
3977,茂名市,2014-08-23 00:00,32,优,None
3978,肇庆市,2014-08-23 00:00,36,优,None
3979,惠州市,2014-08-23 00:00,36,优,None
3980,梅州市,2014-08-23 00:00,31,优,None
3981,汕尾市,2014-08-23 00:00,9,优,None
3982,河源市,2014-08-23 00:00,16,优,None
3983,阳江市,2014-08-23 00:00,16,优,None
3984,清远市,2014-08-23 00:00,84,良,PM2.5
3985,东莞市,2014-08-23 00:00,23,优,None
3986,中山市,2014-08-23 00:00,18,优,None
3987,潮州市,2014-08-23 00:00,55,良,PM2.5
3988,揭阳市,2014-08-23 00:00,48,优,None
3989,云浮市,2014-08-23 00:00,14,优,None
3990,南宁市,2014-08-23 00:00,77,良,PM10
3991,柳州市,2014-08-23 00:00,77,良,PM2.5
3992,桂林市,2014-08-23 00:00,62,良,PM10
3993,北海市,2014-08-23 00:00,19,优,None
3994,海口市,2014-08-23 00:00,17,优,None
3995,三亚市,2014-08-23 00:00,29,优,None
3996,重庆市,2014-08-23 00:00,45,优,None
3997,成都市,2014-08-23 00:00,61,良,PM10
3998,自贡市,2014-08-23 00:00,55,良,PM10
3999,攀枝花市,2014-08-23 00:00,49,优,None
4000,泸州市,2014-08-23 00:00,42,优,None
4001,德阳市,2014-08-23 00:00,98,良,PM2.5
4002,绵阳市,2014-08-23 00:00,65,良,PM2.5
4003,南充市,2014-08-23 00:00,57,良,PM2.5
4004,宜宾市,2014-08-23 00:00,58,良,PM2.5
4005,贵阳市,2014-08-23 00:00,53,良,PM10
4006,遵义市,2014-08-23 00:00,77,良,PM2.5
4007,昆明市,2014-08-23 00:00,56,良,PM10
4008,曲靖市,2014-08-23 00:00,36,优,None
4009,玉溪市,2014-08-23 00:00,25,优,None
4010,拉萨市,2014-08-23 00:00,32,优,None
4011,西安市,2014-08-23 00:00,72,良,PM10
4012,铜川市,2014-08-23 00:00,50,优,None
4013,宝鸡市,2014-08-23 00:00,63,良,PM10
4014,咸阳市,2014-08-23 00:00,77,良,PM10
4015,渭南市,2014-08-23 00:00,75,良,PM10
4016,延安市,2014-08-23 00:00,84,良,PM10
4017,兰州市,2014-08-23 00:00,94,良,PM10
4018,嘉峪关市,2014-08-23 00:00,36,优,None
4019,金昌市,2014-08-23 00:00,34,优,None
4020,西宁市,2014-08-23 00:00,54,良,PM10,PM2.5
4021,银川市,2014-08-23 00:00,94,良,PM2.5
4022,石嘴山市,2014-08-23 00:00,85,良,PM10
4023,乌鲁木齐市,2014-08-23 00:00,146,轻度污染,PM10
4024,克拉玛依市,2014-08-23 00:00,100,良,PM10
4025,库尔勒市,2014-08-23 00:00,144,轻度污染,PM10
